object={
	name="african_dynamic_forestry_objects_generator_1_0"
	clamp_to_water_level=no
	render_under_water=no
	generated_content=yes
	layer="forestry_dynamic"
	pdxmesh="african_forestry_scatter_01_mesh"
	count=413
	transform="3817.260742 0.000000 1682.269043 0.000000 0.960233 0.000000 0.279199 0.000000 0.000000 0.000000
3834.544434 0.000000 1734.954346 0.000000 0.526475 0.000000 0.850191 0.000000 0.000000 0.000000
3839.957764 0.000000 1715.430298 0.000000 0.033727 0.000000 0.999431 0.000000 0.000000 0.000000
3801.621582 0.000000 1742.406128 0.000000 0.258159 0.000000 0.966102 0.000000 0.000000 0.000000
3837.292725 0.000000 1707.090210 0.000000 0.065074 0.000000 0.997880 1.000000 1.000000 1.000000
3797.705078 0.000000 1777.883301 0.000000 0.932365 0.000000 0.361519 0.000000 0.000000 0.000000
3905.319092 0.000000 1620.450928 0.000000 0.282775 0.000000 0.959186 0.000000 0.000000 0.000000
3878.231201 0.000000 1676.575928 0.000000 0.568371 0.000000 0.822772 0.000000 0.000000 0.000000
3945.385498 0.000000 1670.964966 0.000000 0.508897 0.000000 0.860827 1.000000 1.000000 1.000000
3930.073975 0.000000 1668.563354 0.000000 0.737086 0.000000 0.675799 1.000000 1.000000 1.000000
4023.637939 0.000000 1653.790283 0.000000 0.703299 0.000000 0.710894 0.000000 0.000000 0.000000
3982.873047 0.000000 1646.093994 0.000000 0.817148 0.000000 0.576427 1.000000 1.000000 1.000000
4029.248291 0.000000 1684.048950 0.000000 0.603985 0.000000 0.796996 1.000000 1.000000 1.000000
4088.065674 0.000000 1663.409424 0.000000 0.200503 0.000000 0.979693 0.000000 0.000000 0.000000
4073.385498 0.000000 1670.964966 0.000000 0.773978 0.000000 0.633212 1.000000 1.000000 1.000000
3841.319092 0.000000 1733.419678 0.000000 0.815404 0.000000 0.578892 0.000000 0.000000 0.000000
3866.979736 0.000000 1736.364014 0.000000 0.992009 0.000000 0.126167 0.000000 0.000000 0.000000
3911.979980 0.000000 1736.666504 0.000000 0.297393 0.000000 0.954755 0.000000 0.000000 0.000000
3965.292725 0.000000 1707.090210 0.000000 0.401360 0.000000 0.915920 1.000000 1.000000 1.000000
3910.215332 0.000000 1743.468872 0.000000 0.960338 0.000000 0.278838 1.000000 1.000000 1.000000
3881.260742 0.000000 1795.237793 0.000000 0.927257 0.000000 0.374426 1.000000 1.000000 1.000000
3901.292725 0.000000 1763.574585 0.000000 0.999871 0.000000 0.016052 1.000000 1.000000 1.000000
3932.793701 0.000000 1753.857422 0.000000 0.956819 0.000000 0.290684 0.000000 0.000000 0.000000
3967.487305 0.000000 1781.243286 0.000000 0.535842 0.000000 0.844319 0.000000 0.000000 0.000000
3927.890625 0.000000 1770.073364 0.000000 0.893439 0.000000 0.449185 0.000000 0.000000 0.000000
3969.319092 0.000000 1733.419678 0.000000 0.546356 0.000000 0.837553 0.000000 0.000000 0.000000
4024.065674 0.000000 1719.893799 0.000000 0.655894 0.000000 0.754853 0.000000 0.000000 0.000000
4012.063232 0.000000 1703.520386 0.000000 0.357259 0.000000 0.934005 0.000000 0.000000 0.000000
3982.953369 0.000000 1748.502930 0.000000 0.985410 0.000000 0.170198 1.000000 1.000000 1.000000
3968.098633 0.000000 1701.480225 0.000000 0.194693 0.000000 0.980864 1.000000 1.000000 1.000000
4057.621582 0.000000 1742.406128 0.000000 0.999476 0.000000 0.032382 0.000000 0.000000 0.000000
4026.544434 0.000000 1791.438721 0.000000 0.460750 0.000000 0.887530 0.000000 0.000000 0.000000
3989.705078 0.000000 1777.883301 0.000000 0.736477 0.000000 0.676462 0.000000 0.000000 0.000000
3991.491943 0.000000 1751.647095 0.000000 0.147945 0.000000 0.988996 1.000000 1.000000 1.000000
4053.705078 0.000000 1777.883301 0.000000 0.346878 0.000000 0.937910 0.000000 0.000000 0.000000
4088.065674 0.000000 1776.378174 0.000000 0.175436 0.000000 0.984491 0.000000 0.000000 0.000000
4039.671631 0.000000 1775.872192 0.000000 0.794003 0.000000 0.607913 0.000000 0.000000 0.000000
4093.248291 0.000000 1797.017700 0.000000 0.020159 0.000000 0.999797 1.000000 1.000000 1.000000
3837.292725 0.000000 1820.058960 0.000000 0.864633 0.000000 0.502404 0.000000 0.000000 0.000000
3860.968506 0.000000 1859.625122 0.000000 0.889336 0.000000 0.457255 0.000000 0.000000 0.000000
3858.127686 0.000000 1820.776001 0.000000 0.177407 0.000000 0.984137 0.000000 0.000000 0.000000
4538.544434 0.000000 718.235596 0.000000 0.987462 0.000000 0.157854 0.000000 0.000000 0.000000
4545.451172 0.000000 746.472534 0.000000 0.955949 0.000000 0.293531 0.000000 0.000000 0.000000
4572.793945 0.000000 793.623047 0.000000 0.990660 0.000000 0.136353 0.000000 0.000000 0.000000
4600.065918 0.000000 816.143860 0.000000 0.616996 0.000000 0.786966 0.000000 0.000000 0.000000
4558.007324 0.000000 821.671448 0.000000 0.033144 0.000000 0.999451 0.000000 0.000000 0.000000
4582.230957 0.000000 885.794678 0.000000 0.786190 0.000000 0.617985 0.000000 0.000000 0.000000
4628.968750 0.000000 729.937622 0.000000 0.667641 0.000000 0.744484 0.000000 0.000000 0.000000
4762.979980 0.000000 776.129700 0.000000 0.303709 0.000000 0.952765 0.000000 0.000000 0.000000
4612.458496 0.000000 845.247192 0.000000 0.883928 0.000000 0.467624 0.000000 0.000000 0.000000
4679.671387 0.000000 815.637817 0.000000 0.105256 0.000000 0.994445 0.000000 0.000000 0.000000
4673.017578 0.000000 817.474304 0.000000 0.984135 0.000000 0.177420 1.000000 1.000000 1.000000
4628.968750 0.000000 899.390747 0.000000 0.692121 0.000000 0.721782 0.000000 0.000000 0.000000
4656.205566 0.000000 903.724365 0.000000 0.142758 0.000000 0.989758 0.000000 0.000000 0.000000
4608.098633 0.000000 854.214600 0.000000 0.769649 0.000000 0.638468 1.000000 1.000000 1.000000
4676.458496 0.000000 901.731567 0.000000 0.197640 0.000000 0.980275 0.000000 0.000000 0.000000
4679.671387 0.000000 872.122192 0.000000 0.956434 0.000000 0.291950 0.000000 0.000000 0.000000
4709.432617 0.000000 858.292664 0.000000 0.876769 0.000000 0.480911 0.000000 0.000000 0.000000
4794.368164 0.000000 842.707214 0.000000 0.251295 0.000000 0.967911 0.000000 0.000000 0.000000
4820.968750 0.000000 899.390747 0.000000 0.007149 0.000000 0.999974 0.000000 0.000000 0.000000
4815.130859 0.000000 886.637390 0.000000 0.891246 0.000000 0.453521 0.000000 0.000000 0.000000
4833.210449 0.000000 892.138977 0.000000 0.611544 0.000000 0.791210 0.000000 0.000000 0.000000
4525.516602 0.000000 918.483276 0.000000 0.274099 0.000000 0.961701 0.000000 0.000000 0.000000
4538.807129 0.000000 910.404541 0.000000 0.793778 0.000000 0.608207 0.000000 0.000000 0.000000
4592.205566 0.000000 960.208740 0.000000 0.847663 0.000000 0.530534 0.000000 0.000000 0.000000
4555.959473 0.000000 952.240845 0.000000 0.486633 0.000000 0.873607 0.000000 0.000000 0.000000
4564.968750 0.000000 1012.359497 0.000000 0.349350 0.000000 0.936992 0.000000 0.000000 0.000000
4545.318848 0.000000 999.122803 0.000000 0.436047 0.000000 0.899924 0.000000 0.000000 0.000000
4579.765137 0.000000 986.081604 0.000000 0.572667 0.000000 0.819788 1.000000 1.000000 1.000000
4454.230957 0.000000 1111.732178 0.000000 0.886216 0.000000 0.463272 0.000000 0.000000 0.000000
4447.453613 0.000000 1089.933228 0.000000 0.306541 0.000000 0.951857 0.000000 0.000000 0.000000
4463.722656 0.000000 1117.522827 0.000000 0.242406 0.000000 0.970175 0.000000 0.000000 0.000000
4448.032227 0.000000 1110.140991 0.000000 0.984441 0.000000 0.175715 0.000000 0.000000 0.000000
4468.365234 0.000000 1112.469360 0.000000 0.929680 0.000000 0.368367 1.000000 1.000000 1.000000
4545.318848 0.000000 1055.607178 0.000000 0.196768 0.000000 0.980450 0.000000 0.000000 0.000000
4548.458496 0.000000 1071.184692 0.000000 0.915383 0.000000 0.402584 0.000000 0.000000 0.000000
4567.890625 0.000000 1035.776489 0.000000 0.701604 0.000000 0.712567 0.000000 0.000000 0.000000
4594.584961 0.000000 1044.613037 0.000000 0.259846 0.000000 0.965650 1.000000 1.000000 1.000000
4538.807129 0.000000 1079.857666 0.000000 0.999320 0.000000 0.036860 0.000000 0.000000 0.000000
4541.292480 0.000000 1085.762085 0.000000 0.865718 0.000000 0.500533 1.000000 1.000000 1.000000
4545.451172 0.000000 1085.378784 0.000000 0.536276 0.000000 0.844042 0.000000 0.000000 0.000000
4559.130859 0.000000 1112.574951 0.000000 0.413774 0.000000 0.910380 0.000000 0.000000 0.000000
4558.007324 0.000000 1104.093384 0.000000 0.906133 0.000000 0.422993 0.000000 0.000000 0.000000
4569.621582 0.000000 1121.078003 0.000000 0.095981 0.000000 0.995383 0.000000 0.000000 0.000000
4470.816895 0.000000 1130.938232 0.000000 0.412529 0.000000 0.910944 1.000000 1.000000 1.000000
4508.793945 0.000000 1132.529297 0.000000 0.559604 0.000000 0.828760 0.000000 0.000000 0.000000
4543.487305 0.000000 1159.915161 0.000000 0.164181 0.000000 0.986430 0.000000 0.000000 0.000000
4545.451172 0.000000 1141.863159 0.000000 0.999056 0.000000 0.043444 0.000000 0.000000 0.000000
4553.400879 0.000000 1145.806641 0.000000 0.918808 0.000000 0.394705 0.000000 0.000000 0.000000
4552.407715 0.000000 1137.499878 0.000000 0.764977 0.000000 0.644058 0.000000 0.000000 0.000000
4550.215332 0.000000 1178.625122 0.000000 0.231233 0.000000 0.972898 1.000000 1.000000 1.000000
4548.458496 0.000000 1240.637817 0.000000 0.897878 0.000000 0.440245 0.000000 0.000000 0.000000
4581.982422 0.000000 1236.433716 0.000000 0.379732 0.000000 0.925097 0.000000 0.000000 0.000000
4585.260742 0.000000 1230.394043 0.000000 0.694796 0.000000 0.719207 0.000000 0.000000 0.000000
4567.491699 0.000000 1186.803345 0.000000 0.121107 0.000000 0.992639 0.000000 0.000000 0.000000
4413.248047 0.000000 1345.142700 0.000000 0.562100 0.000000 0.827069 0.000000 0.000000 0.000000
4464.205566 0.000000 1355.599365 0.000000 0.976713 0.000000 0.214551 0.000000 0.000000 0.000000
4431.272949 0.000000 1321.059204 0.000000 0.379641 0.000000 0.925134 0.000000 0.000000 0.000000
4439.890625 0.000000 1318.198364 0.000000 0.597893 0.000000 0.801576 0.000000 0.000000 0.000000
4500.968750 0.000000 1294.781372 0.000000 0.239657 0.000000 0.970858 0.000000 0.000000 0.000000
4521.385742 0.000000 1275.574341 0.000000 0.413996 0.000000 0.910279 1.000000 1.000000 1.000000
4564.968750 0.000000 1294.781372 0.000000 0.256683 0.000000 0.966496 0.000000 0.000000 0.000000
4592.205566 0.000000 1299.114990 0.000000 0.354334 0.000000 0.935119 0.000000 0.000000 0.000000
4582.893555 0.000000 1262.103638 0.000000 0.770136 0.000000 0.637880 0.000000 0.000000 0.000000
4605.292480 0.000000 1255.215210 0.000000 0.936065 0.000000 0.351827 1.000000 1.000000 1.000000
4594.789551 0.000000 1254.743530 0.000000 0.485734 0.000000 0.874107 1.000000 1.000000 1.000000
4550.215332 0.000000 1291.593872 0.000000 0.053785 0.000000 0.998553 0.000000 0.000000 0.000000
4579.765137 0.000000 1268.503540 0.000000 0.999561 0.000000 0.029622 0.000000 0.000000 0.000000
4594.584961 0.000000 1270.550537 0.000000 0.778113 0.000000 0.628125 1.000000 1.000000 1.000000
4589.943359 0.000000 1245.011230 0.000000 0.884180 0.000000 0.467147 1.000000 1.000000 1.000000
4575.453613 0.000000 1315.870728 0.000000 0.985894 0.000000 0.167369 0.000000 0.000000 0.000000
4559.130859 0.000000 1338.512451 0.000000 0.871434 0.000000 0.490513 0.000000 0.000000 0.000000
4581.982422 0.000000 1349.402466 0.000000 0.788616 0.000000 0.614886 0.000000 0.000000 0.000000
4567.890625 0.000000 1318.198364 0.000000 0.514412 0.000000 0.857543 0.000000 0.000000 0.000000
4564.089355 0.000000 1343.957520 0.000000 0.028820 0.000000 0.999585 0.000000 0.000000 0.000000
4558.953125 0.000000 1353.112305 0.000000 0.788941 0.000000 0.614469 1.000000 1.000000 1.000000
4669.512207 0.000000 903.776184 0.000000 0.526597 0.000000 0.850115 0.000000 0.000000 0.000000
4628.968750 0.000000 1012.359497 0.000000 0.655488 0.000000 0.755206 0.000000 0.000000 0.000000
4615.671387 0.000000 985.090942 0.000000 0.950907 0.000000 0.309477 0.000000 0.000000 0.000000
4660.365234 0.000000 999.500610 0.000000 0.400341 0.000000 0.916366 0.000000 0.000000 0.000000
4800.254883 0.000000 950.890869 0.000000 0.317948 0.000000 0.948108 0.000000 0.000000 0.000000
4841.385742 0.000000 936.668152 0.000000 0.842928 0.000000 0.538026 0.000000 0.000000 0.000000
4826.074219 0.000000 934.266418 0.000000 0.276889 0.000000 0.960902 1.000000 1.000000 1.000000
4845.516602 0.000000 974.967651 0.000000 0.246255 0.000000 0.969205 0.000000 0.000000 0.000000
4804.458496 0.000000 1014.700317 0.000000 0.974223 0.000000 0.225588 0.000000 0.000000 0.000000
4815.272949 0.000000 982.152954 0.000000 0.843875 0.000000 0.536539 0.000000 0.000000 0.000000
4863.586426 0.000000 1013.668945 0.000000 0.780309 0.000000 0.625394 1.000000 1.000000 1.000000
4861.658691 0.000000 995.550110 0.000000 0.817766 0.000000 0.575551 1.000000 1.000000 1.000000
4628.968750 0.000000 1068.843872 0.000000 0.947105 0.000000 0.320924 0.000000 0.000000 0.000000
4629.705078 0.000000 1043.586426 0.000000 0.513193 0.000000 0.858273 0.000000 0.000000 0.000000
4622.007324 0.000000 1047.609009 0.000000 0.844924 0.000000 0.534886 0.000000 0.000000 0.000000
4640.032227 0.000000 1053.656616 0.000000 0.013383 0.000000 0.999910 1.000000 1.000000 1.000000
4694.478027 0.000000 1051.612061 0.000000 0.999388 0.000000 0.034969 0.000000 0.000000 0.000000
4692.089355 0.000000 1061.535645 0.000000 0.675189 0.000000 0.737645 0.000000 0.000000 0.000000
4686.953125 0.000000 1070.690430 0.000000 0.975176 0.000000 0.221431 0.000000 0.000000 0.000000
4628.968750 0.000000 1125.328247 0.000000 0.713730 0.000000 0.700421 0.000000 0.000000 0.000000
4629.705078 0.000000 1100.070801 0.000000 0.560202 0.000000 0.828356 0.000000 0.000000 0.000000
4609.017578 0.000000 1099.896240 0.000000 0.868816 0.000000 0.495134 1.000000 1.000000 1.000000
4684.978516 0.000000 1073.939087 0.000000 0.736618 0.000000 0.676310 0.000000 0.000000 0.000000
4774.230957 0.000000 1055.247803 0.000000 0.886225 0.000000 0.463256 0.000000 0.000000 0.000000
4799.958008 0.000000 1037.617798 0.000000 0.745956 0.000000 0.665995 0.000000 0.000000 0.000000
4797.248047 0.000000 1062.720825 0.000000 0.923830 0.000000 0.382803 0.000000 0.000000 0.000000
4845.516602 0.000000 1031.452026 0.000000 0.588898 0.000000 0.808207 0.000000 0.000000 0.000000
4777.563477 0.000000 1099.694092 0.000000 0.983559 0.000000 0.180587 0.000000 0.000000 0.000000
4756.569336 0.000000 1078.589600 0.000000 0.800177 0.000000 0.599764 0.000000 0.000000 0.000000
4758.478027 0.000000 1108.096436 0.000000 0.370482 0.000000 0.928840 0.000000 0.000000 0.000000
4820.968750 0.000000 1125.328247 0.000000 0.322881 0.000000 0.946440 0.000000 0.000000 0.000000
4848.205566 0.000000 1129.661865 0.000000 0.343912 0.000000 0.939002 0.000000 0.000000 0.000000
4884.089355 0.000000 948.566895 0.000000 0.921971 0.000000 0.387258 0.000000 0.000000 0.000000
4865.017578 0.000000 930.443054 0.000000 0.212466 0.000000 0.977169 1.000000 1.000000 1.000000
4864.098633 0.000000 967.183350 0.000000 0.057209 0.000000 0.998362 1.000000 1.000000 1.000000
4929.318848 0.000000 1112.091553 0.000000 0.617740 0.000000 0.786382 0.000000 0.000000 0.000000
5101.516602 0.000000 1031.452026 0.000000 0.600917 0.000000 0.799312 0.000000 0.000000 0.000000
4666.544434 0.000000 1170.110596 0.000000 0.596608 0.000000 0.802533 0.000000 0.000000 0.000000
4671.487305 0.000000 1159.915161 0.000000 0.667102 0.000000 0.744966 0.000000 0.000000 0.000000
4669.248047 0.000000 1175.689575 0.000000 0.990098 0.000000 0.140381 1.000000 1.000000 1.000000
4722.789551 0.000000 1141.774780 0.000000 0.522073 0.000000 0.852901 0.000000 0.000000 0.000000
4717.516602 0.000000 1200.905151 0.000000 0.047691 0.000000 0.998862 0.000000 0.000000 0.000000
4801.318848 0.000000 1168.575928 0.000000 0.758054 0.000000 0.652192 0.000000 0.000000 0.000000
4768.032227 0.000000 1223.109741 0.000000 0.572095 0.000000 0.820188 0.000000 0.000000 0.000000
4762.074219 0.000000 1216.688354 0.000000 0.836422 0.000000 0.548086 1.000000 1.000000 1.000000
4848.205566 0.000000 1242.630615 0.000000 0.999992 0.000000 0.004071 0.000000 0.000000 0.000000
4628.968750 0.000000 1294.781372 0.000000 0.756656 0.000000 0.653813 0.000000 0.000000 0.000000
4636.793945 0.000000 1245.498047 0.000000 0.718523 0.000000 0.695504 0.000000 0.000000 0.000000
4710.230957 0.000000 1281.185303 0.000000 0.105855 0.000000 0.994382 0.000000 0.000000 0.000000
4664.065918 0.000000 1324.503174 0.000000 0.626401 0.000000 0.779501 0.000000 0.000000 0.000000
4671.586426 0.000000 1352.575195 0.000000 0.254074 0.000000 0.967185 1.000000 1.000000 1.000000
4781.516602 0.000000 1313.873901 0.000000 0.943450 0.000000 0.331516 0.000000 0.000000 0.000000
4969.385742 0.000000 1162.605591 0.000000 0.335136 0.000000 0.942170 1.000000 1.000000 1.000000
4959.826172 0.000000 1137.809937 0.000000 0.666753 0.000000 0.745278 0.000000 0.000000 0.000000
4972.062988 0.000000 1138.676636 0.000000 0.150603 0.000000 0.988594 1.000000 1.000000 1.000000
4912.205566 0.000000 1242.630615 0.000000 0.531747 0.000000 0.846903 0.000000 0.000000 0.000000
4976.205566 0.000000 1242.630615 0.000000 0.999505 0.000000 0.031465 0.000000 0.000000 0.000000
4968.832520 0.000000 1189.672974 0.000000 0.489885 0.000000 0.871787 0.000000 0.000000 0.000000
4928.254883 0.000000 1233.312744 0.000000 0.976801 0.000000 0.214149 0.000000 0.000000 0.000000
4978.584961 0.000000 1214.066162 0.000000 0.713248 0.000000 0.700912 1.000000 1.000000 1.000000
4993.318848 0.000000 1225.060303 0.000000 0.393148 0.000000 0.919475 0.000000 0.000000 0.000000
4984.550781 0.000000 1275.515381 0.000000 0.390991 0.000000 0.920395 0.000000 0.000000 0.000000
4960.032227 0.000000 1279.594116 0.000000 0.384073 0.000000 0.923303 0.000000 0.000000 0.000000
4920.065918 0.000000 1324.503174 0.000000 0.666587 0.000000 0.745427 0.000000 0.000000 0.000000
4879.130859 0.000000 1338.512451 0.000000 0.718308 0.000000 0.695726 0.000000 0.000000 0.000000
4914.789551 0.000000 1311.227905 0.000000 0.484241 0.000000 0.874935 1.000000 1.000000 1.000000
4960.032227 0.000000 1336.078491 0.000000 0.947074 0.000000 0.321016 0.000000 0.000000 0.000000
4349.248047 0.000000 1458.111450 0.000000 0.450812 0.000000 0.892619 0.000000 0.000000 0.000000
4333.516602 0.000000 1539.811401 0.000000 0.129832 0.000000 0.991536 0.000000 0.000000 0.000000
4338.789551 0.000000 1537.165405 0.000000 0.996419 0.000000 0.084555 0.000000 0.000000 0.000000
4410.544434 0.000000 1396.048096 0.000000 0.936543 0.000000 0.350553 0.000000 0.000000 0.000000
4415.958008 0.000000 1376.524048 0.000000 0.987729 0.000000 0.156174 0.000000 0.000000 0.000000
4413.292480 0.000000 1368.183960 0.000000 0.633558 0.000000 0.773695 1.000000 1.000000 1.000000
4417.017578 0.000000 1382.318115 0.000000 0.999483 0.000000 0.032144 1.000000 1.000000 1.000000
4367.130859 0.000000 1451.481201 0.000000 0.097601 0.000000 0.995226 0.000000 0.000000 0.000000
4477.512207 0.000000 1412.135498 0.000000 0.422189 0.000000 0.906508 0.000000 0.000000 0.000000
4457.260742 0.000000 1456.331543 0.000000 0.218479 0.000000 0.975842 1.000000 1.000000 1.000000
4422.215332 0.000000 1461.046997 0.000000 0.631481 0.000000 0.775392 1.000000 1.000000 1.000000
4417.017578 0.000000 1438.802490 0.000000 0.999006 0.000000 0.044585 1.000000 1.000000 1.000000
4442.074219 0.000000 1442.625854 0.000000 0.570464 0.000000 0.821322 1.000000 1.000000 1.000000
4528.541992 0.000000 1378.210205 0.000000 0.996801 0.000000 0.079920 0.000000 0.000000 0.000000
4535.107910 0.000000 1400.826294 0.000000 0.158498 0.000000 0.987359 1.000000 1.000000 1.000000
4572.793945 0.000000 1358.466797 0.000000 0.889789 0.000000 0.456372 0.000000 0.000000 0.000000
4592.205566 0.000000 1412.083740 0.000000 0.101117 0.000000 0.994875 0.000000 0.000000 0.000000
4605.658691 0.000000 1390.940796 0.000000 0.948251 0.000000 0.317521 1.000000 1.000000 1.000000
4536.065918 0.000000 1437.471924 0.000000 0.982762 0.000000 0.184875 0.000000 0.000000 0.000000
4543.958008 0.000000 1433.008423 0.000000 0.770107 0.000000 0.637914 0.000000 0.000000 0.000000
4543.487305 0.000000 1442.337036 0.000000 0.968361 0.000000 0.249552 0.000000 0.000000 0.000000
4534.816895 0.000000 1413.360107 0.000000 0.681568 0.000000 0.731755 1.000000 1.000000 1.000000
4541.248047 0.000000 1458.111450 0.000000 0.773225 0.000000 0.634131 0.000000 0.000000 0.000000
4535.107910 0.000000 1457.310669 0.000000 0.784449 0.000000 0.620193 0.000000 0.000000 0.000000
4481.017578 0.000000 1438.802490 0.000000 0.704873 0.000000 0.709333 1.000000 1.000000 1.000000
4480.098633 0.000000 1419.058350 0.000000 0.548249 0.000000 0.836315 1.000000 1.000000 1.000000
4543.586426 0.000000 1465.543945 0.000000 0.540512 0.000000 0.841336 1.000000 1.000000 1.000000
4564.968750 0.000000 1464.234497 0.000000 0.773624 0.000000 0.633645 0.000000 0.000000 0.000000
4585.563477 0.000000 1438.600342 0.000000 0.422750 0.000000 0.906246 0.000000 0.000000 0.000000
4574.236816 0.000000 1464.639282 0.000000 0.627775 0.000000 0.778395 0.000000 0.000000 0.000000
4550.215332 0.000000 1461.046997 0.000000 0.983625 0.000000 0.180229 1.000000 1.000000 1.000000
4594.584961 0.000000 1440.003662 0.000000 0.937685 0.000000 0.347488 1.000000 1.000000 1.000000
4366.007324 0.000000 1499.484009 0.000000 0.676680 0.000000 0.736277 0.000000 0.000000 0.000000
4396.662598 0.000000 1519.173950 0.000000 0.417183 0.000000 0.908823 0.000000 0.000000 0.000000
4406.816895 0.000000 1469.844482 0.000000 0.315082 0.000000 0.949065 1.000000 1.000000 1.000000
4402.789551 0.000000 1480.681030 0.000000 0.903344 0.000000 0.428918 1.000000 1.000000 1.000000
4358.215332 0.000000 1517.531372 0.000000 0.892432 0.000000 0.451182 1.000000 1.000000 1.000000
4420.458496 0.000000 1523.059692 0.000000 0.212576 0.000000 0.977145 0.000000 0.000000 0.000000
4434.127930 0.000000 1481.869751 0.000000 0.031205 0.000000 0.999513 0.000000 0.000000 0.000000
4479.958008 0.000000 1489.492798 0.000000 0.876906 0.000000 0.480662 0.000000 0.000000 0.000000
4425.400879 0.000000 1484.712891 0.000000 0.092638 0.000000 0.995700 0.000000 0.000000 0.000000
4453.432617 0.000000 1479.620850 0.000000 0.375659 0.000000 0.926758 0.000000 0.000000 0.000000
4439.890625 0.000000 1487.651489 0.000000 0.668125 0.000000 0.744049 0.000000 0.000000 0.000000
4441.621582 0.000000 1516.468628 0.000000 0.165612 0.000000 0.986191 1.000000 1.000000 1.000000
4471.107910 0.000000 1513.795044 0.000000 0.707573 0.000000 0.706641 1.000000 1.000000 1.000000
4422.215332 0.000000 1517.531372 0.000000 0.260452 0.000000 0.965487 0.000000 0.000000 0.000000
4397.516602 0.000000 1539.811401 0.000000 0.161059 0.000000 0.986945 0.000000 0.000000 0.000000
4373.705078 0.000000 1551.945801 0.000000 0.978556 0.000000 0.205979 0.000000 0.000000 0.000000
4378.122559 0.000000 1535.886475 0.000000 0.998039 0.000000 0.062591 0.000000 0.000000 0.000000
4406.816895 0.000000 1526.328857 0.000000 0.561442 0.000000 0.827516 0.000000 0.000000 0.000000
4393.385742 0.000000 1557.996216 0.000000 0.928495 0.000000 0.371344 0.000000 0.000000 0.000000
4404.365234 0.000000 1564.344360 0.000000 0.202281 0.000000 0.979327 0.000000 0.000000 0.000000
4402.584961 0.000000 1552.972412 0.000000 0.971793 0.000000 0.235834 1.000000 1.000000 1.000000
4415.586426 0.000000 1578.512695 0.000000 0.973703 0.000000 0.227819 1.000000 1.000000 1.000000
4461.516602 0.000000 1539.811401 0.000000 0.008717 0.000000 0.999962 0.000000 0.000000 0.000000
4468.365234 0.000000 1564.344360 0.000000 0.901958 0.000000 0.431824 0.000000 0.000000 0.000000
4447.826172 0.000000 1533.200562 0.000000 0.994825 0.000000 0.101599 0.000000 0.000000 0.000000
4477.248047 0.000000 1571.080200 0.000000 0.791154 0.000000 0.611618 1.000000 1.000000 1.000000
4466.584961 0.000000 1552.972412 0.000000 0.767445 0.000000 0.641114 1.000000 1.000000 1.000000
4528.541992 0.000000 1491.178955 0.000000 0.167604 0.000000 0.985854 0.000000 0.000000 0.000000
4534.816895 0.000000 1469.844482 0.000000 0.014591 0.000000 0.999894 0.000000 0.000000 0.000000
4541.248047 0.000000 1514.595825 0.000000 0.632963 0.000000 0.774182 1.000000 1.000000 1.000000
4481.017578 0.000000 1495.286865 0.000000 0.806037 0.000000 0.591864 1.000000 1.000000 1.000000
4503.491699 0.000000 1469.225220 0.000000 0.645901 0.000000 0.763421 1.000000 1.000000 1.000000
4564.968750 0.000000 1520.718872 0.000000 0.605032 0.000000 0.796201 0.000000 0.000000 0.000000
4605.248047 0.000000 1514.595825 0.000000 0.069321 0.000000 0.997594 0.000000 0.000000 0.000000
4480.254883 0.000000 1572.218994 0.000000 0.365150 0.000000 0.930949 0.000000 0.000000 0.000000
4494.873047 0.000000 1533.125244 0.000000 0.219388 0.000000 0.975638 0.000000 0.000000 0.000000
4481.017578 0.000000 1551.771240 0.000000 0.052705 0.000000 0.998610 1.000000 1.000000 1.000000
4545.451172 0.000000 1537.253784 0.000000 0.801471 0.000000 0.598034 0.000000 0.000000 0.000000
4581.432617 0.000000 1536.105225 0.000000 0.999510 0.000000 0.031308 0.000000 0.000000 0.000000
4585.260742 0.000000 1569.300293 0.000000 0.658844 0.000000 0.752280 0.000000 0.000000 0.000000
4605.248047 0.000000 1571.080200 0.000000 0.412040 0.000000 0.911166 1.000000 1.000000 1.000000
4588.062988 0.000000 1534.067261 0.000000 0.988608 0.000000 0.150511 1.000000 1.000000 1.000000
4594.789551 0.000000 1537.165405 0.000000 0.485091 0.000000 0.874463 1.000000 1.000000 1.000000
4567.491699 0.000000 1525.709595 0.000000 0.910579 0.000000 0.413335 1.000000 1.000000 1.000000
4342.816895 0.000000 1582.813232 0.000000 0.001356 0.000000 0.999999 0.000000 0.000000 0.000000
4232.407715 0.000000 1645.859253 0.000000 0.737859 0.000000 0.674955 0.000000 0.000000 0.000000
4278.816895 0.000000 1639.297607 0.000000 0.738553 0.000000 0.674195 1.000000 1.000000 1.000000
4295.671387 0.000000 1662.903442 0.000000 0.788575 0.000000 0.614938 0.000000 0.000000 0.000000
4308.569336 0.000000 1643.433350 0.000000 0.493748 0.000000 0.869605 0.000000 0.000000 0.000000
4103.671387 0.000000 1719.387817 0.000000 0.554005 0.000000 0.832513 0.000000 0.000000 0.000000
4174.873047 0.000000 1702.578369 0.000000 0.394050 0.000000 0.919089 1.000000 1.000000 1.000000
4221.248047 0.000000 1740.533325 0.000000 0.942962 0.000000 0.332900 0.000000 0.000000 0.000000
4121.621582 0.000000 1798.890503 0.000000 0.975765 0.000000 0.218820 0.000000 0.000000 0.000000
4201.260742 0.000000 1795.237793 0.000000 0.958241 0.000000 0.285961 0.000000 0.000000 0.000000
4174.873047 0.000000 1759.062744 0.000000 0.530067 0.000000 0.847956 1.000000 1.000000 1.000000
4272.541992 0.000000 1717.116455 0.000000 0.909863 0.000000 0.414909 0.000000 0.000000 0.000000
4245.705078 0.000000 1777.883301 0.000000 0.947720 0.000000 0.319105 0.000000 0.000000 0.000000
4250.979980 0.000000 1792.848389 0.000000 0.962792 0.000000 0.270243 0.000000 0.000000 0.000000
4261.982422 0.000000 1801.277466 0.000000 0.764826 0.000000 0.644237 0.000000 0.000000 0.000000
4235.959473 0.000000 1799.506470 0.000000 0.064981 0.000000 0.997886 0.000000 0.000000 0.000000
4259.765137 0.000000 1776.862915 0.000000 0.508172 0.000000 0.861256 1.000000 1.000000 1.000000
4333.516602 0.000000 1765.748901 0.000000 0.746738 0.000000 0.665118 0.000000 0.000000 0.000000
4309.705078 0.000000 1777.883301 0.000000 0.996193 0.000000 0.087179 0.000000 0.000000 0.000000
4413.512207 0.000000 1581.588623 0.000000 0.750251 0.000000 0.661153 0.000000 0.000000 0.000000
4413.658691 0.000000 1616.878296 0.000000 0.748021 0.000000 0.663675 0.000000 0.000000 0.000000
4420.458496 0.000000 1636.028442 0.000000 0.898358 0.000000 0.439265 0.000000 0.000000 0.000000
4477.292480 0.000000 1594.121460 0.000000 0.878042 0.000000 0.478584 0.000000 0.000000 0.000000
4466.789551 0.000000 1593.649780 0.000000 0.851188 0.000000 0.524862 0.000000 0.000000 0.000000
4477.658691 0.000000 1616.878296 0.000000 0.683944 0.000000 0.729534 1.000000 1.000000 1.000000
4436.968750 0.000000 1690.171997 0.000000 0.136190 0.000000 0.990683 0.000000 0.000000 0.000000
4456.832520 0.000000 1641.547974 0.000000 0.831587 0.000000 0.555394 0.000000 0.000000 0.000000
4477.248047 0.000000 1684.048950 0.000000 0.811565 0.000000 0.584263 1.000000 1.000000 1.000000
4525.516602 0.000000 1596.295776 0.000000 0.786507 0.000000 0.617581 0.000000 0.000000 0.000000
4541.248047 0.000000 1627.564575 0.000000 0.541186 0.000000 0.840903 0.000000 0.000000 0.000000
4530.584961 0.000000 1609.456787 0.000000 0.900650 0.000000 0.434546 1.000000 1.000000 1.000000
4576.032227 0.000000 1618.500366 0.000000 0.724798 0.000000 0.688962 1.000000 1.000000 1.000000
4605.248047 0.000000 1627.564575 0.000000 0.631451 0.000000 0.775416 0.000000 0.000000 0.000000
4588.062988 0.000000 1590.551636 0.000000 0.403443 0.000000 0.915005 1.000000 1.000000 1.000000
4594.789551 0.000000 1593.649780 0.000000 0.581738 0.000000 0.813376 1.000000 1.000000 1.000000
4545.017578 0.000000 1608.255615 0.000000 0.970471 0.000000 0.241216 1.000000 1.000000 1.000000
4567.491699 0.000000 1582.193970 0.000000 0.423191 0.000000 0.906041 1.000000 1.000000 1.000000
4607.586426 0.000000 1634.997070 0.000000 0.966085 0.000000 0.258223 1.000000 1.000000 1.000000
4501.705078 0.000000 1664.914551 0.000000 0.603005 0.000000 0.797737 0.000000 0.000000 0.000000
4521.260742 0.000000 1682.269043 0.000000 0.983202 0.000000 0.182519 1.000000 1.000000 1.000000
4532.365234 0.000000 1677.313110 0.000000 0.525900 0.000000 0.850546 0.000000 0.000000 0.000000
4545.318848 0.000000 1676.935303 0.000000 0.913120 0.000000 0.407691 0.000000 0.000000 0.000000
4598.816895 0.000000 1639.297607 0.000000 0.353831 0.000000 0.935309 1.000000 1.000000 1.000000
4605.292480 0.000000 1650.605835 0.000000 0.692910 0.000000 0.721024 0.000000 0.000000 0.000000
4545.017578 0.000000 1664.739990 0.000000 0.231780 0.000000 0.972768 1.000000 1.000000 1.000000
4570.074219 0.000000 1668.563354 0.000000 0.784495 0.000000 0.620135 1.000000 1.000000 1.000000
4366.953125 0.000000 1748.502930 0.000000 0.420856 0.000000 0.907128 1.000000 1.000000 1.000000
4352.098633 0.000000 1701.480225 0.000000 0.102701 0.000000 0.994712 1.000000 1.000000 1.000000
4461.516602 0.000000 1709.264526 0.000000 0.964018 0.000000 0.265838 0.000000 0.000000 0.000000
4397.516602 0.000000 1765.748901 0.000000 0.428662 0.000000 0.903465 0.000000 0.000000 0.000000
4389.432617 0.000000 1762.042725 0.000000 0.041266 0.000000 0.999148 0.000000 0.000000 0.000000
4353.017578 0.000000 1777.708740 0.000000 0.961724 0.000000 0.274020 1.000000 1.000000 1.000000
4474.807129 0.000000 1757.670166 0.000000 0.394472 0.000000 0.918908 0.000000 0.000000 0.000000
4517.432617 0.000000 1705.558350 0.000000 0.010603 0.000000 0.999944 0.000000 0.000000 0.000000
4511.826172 0.000000 1702.653687 0.000000 0.182337 0.000000 0.983236 0.000000 0.000000 0.000000
4486.215332 0.000000 1743.468872 0.000000 0.779371 0.000000 0.626563 0.000000 0.000000 0.000000
4556.978516 0.000000 1695.267212 0.000000 0.529437 0.000000 0.848349 0.000000 0.000000 0.000000
4607.958008 0.000000 1715.430298 0.000000 0.051670 0.000000 0.998664 0.000000 0.000000 0.000000
4607.487305 0.000000 1724.758911 0.000000 0.307160 0.000000 0.951658 0.000000 0.000000 0.000000
4553.400879 0.000000 1710.650391 0.000000 0.139407 0.000000 0.990235 0.000000 0.000000 0.000000
4564.569336 0.000000 1699.917725 0.000000 0.470978 0.000000 0.882145 0.000000 0.000000 0.000000
4605.248047 0.000000 1740.533325 0.000000 0.955282 0.000000 0.295698 1.000000 1.000000 1.000000
4558.953125 0.000000 1748.502930 0.000000 0.395891 0.000000 0.918298 1.000000 1.000000 1.000000
4567.491699 0.000000 1695.162720 0.000000 0.171633 0.000000 0.985161 1.000000 1.000000 1.000000
4494.007324 0.000000 1781.905884 0.000000 0.955222 0.000000 0.295891 0.000000 0.000000 0.000000
4553.400879 0.000000 1767.134766 0.000000 0.974190 0.000000 0.225728 0.000000 0.000000 0.000000
4566.478027 0.000000 1785.908936 0.000000 0.574141 0.000000 0.818757 0.000000 0.000000 0.000000
4582.893555 0.000000 1770.463013 0.000000 0.922203 0.000000 0.386705 0.000000 0.000000 0.000000
4575.826172 0.000000 1759.138062 0.000000 0.309473 0.000000 0.950908 0.000000 0.000000 0.000000
4589.943359 0.000000 1753.370605 0.000000 0.698781 0.000000 0.715336 1.000000 1.000000 1.000000
4656.205566 0.000000 1412.083740 0.000000 0.999918 0.000000 0.012842 0.000000 0.000000 0.000000
4614.215332 0.000000 1404.562622 0.000000 0.976542 0.000000 0.215327 1.000000 1.000000 1.000000
4609.017578 0.000000 1382.318115 0.000000 0.234533 0.000000 0.972108 1.000000 1.000000 1.000000
4673.017578 0.000000 1382.318115 0.000000 0.193624 0.000000 0.981076 0.000000 0.000000 0.000000
4633.621582 0.000000 1459.984253 0.000000 0.147741 0.000000 0.989026 1.000000 1.000000 1.000000
4735.958008 0.000000 1433.008423 0.000000 0.861320 0.000000 0.508063 0.000000 0.000000 0.000000
4680.407715 0.000000 1419.921753 0.000000 0.580587 0.000000 0.814198 0.000000 0.000000 0.000000
4806.215332 0.000000 1404.562622 0.000000 0.010958 0.000000 0.999940 1.000000 1.000000 1.000000
4794.544434 0.000000 1452.532471 0.000000 0.484377 0.000000 0.874859 0.000000 0.000000 0.000000
4807.671387 0.000000 1436.965942 0.000000 0.599270 0.000000 0.800547 0.000000 0.000000 0.000000
4815.272949 0.000000 1434.027954 0.000000 0.840983 0.000000 0.541061 0.000000 0.000000 0.000000
4658.789551 0.000000 1480.681030 0.000000 0.819787 0.000000 0.572668 1.000000 1.000000 1.000000
4695.890625 0.000000 1487.651489 0.000000 0.786288 0.000000 0.617861 0.000000 0.000000 0.000000
4713.260742 0.000000 1512.815918 0.000000 0.718819 0.000000 0.695197 1.000000 1.000000 1.000000
4724.365234 0.000000 1507.859985 0.000000 0.848612 0.000000 0.529015 0.000000 0.000000 0.000000
4727.107910 0.000000 1513.795044 0.000000 0.677404 0.000000 0.735611 0.000000 0.000000 0.000000
4629.705078 0.000000 1551.945801 0.000000 0.405661 0.000000 0.914024 0.000000 0.000000 0.000000
4669.292480 0.000000 1537.637085 0.000000 0.959037 0.000000 0.283281 0.000000 0.000000 0.000000
4669.248047 0.000000 1571.080200 0.000000 0.949122 0.000000 0.314907 1.000000 1.000000 1.000000
4735.487305 0.000000 1555.305786 0.000000 0.969184 0.000000 0.246336 0.000000 0.000000 0.000000
4686.873047 0.000000 1533.125244 0.000000 0.372865 0.000000 0.927886 1.000000 1.000000 1.000000
4703.826172 0.000000 1533.200562 0.000000 0.196799 0.000000 0.980444 0.000000 0.000000 0.000000
4716.062988 0.000000 1534.067261 0.000000 0.770041 0.000000 0.637994 1.000000 1.000000 1.000000
4698.074219 0.000000 1555.594604 0.000000 0.987072 0.000000 0.160276 1.000000 1.000000 1.000000
4722.584961 0.000000 1552.972412 0.000000 0.985046 0.000000 0.172289 1.000000 1.000000 1.000000
4695.491699 0.000000 1525.709595 0.000000 0.979959 0.000000 0.199199 1.000000 1.000000 1.000000
4759.890625 0.000000 1544.135864 0.000000 0.065568 0.000000 0.997848 0.000000 0.000000 0.000000
4828.793945 0.000000 1527.919922 0.000000 0.501286 0.000000 0.865282 0.000000 0.000000 0.000000
4909.516602 0.000000 1370.358276 0.000000 0.315168 0.000000 0.949036 0.000000 0.000000 0.000000
4913.272949 0.000000 1389.249878 0.000000 0.974057 0.000000 0.226302 0.000000 0.000000 0.000000
5033.385742 0.000000 1501.511841 0.000000 0.965729 0.000000 0.259554 1.000000 1.000000 1.000000
5023.826172 0.000000 1476.716187 0.000000 0.542431 0.000000 0.840100 1.000000 1.000000 1.000000
4669.292480 0.000000 1594.121460 0.000000 0.195014 0.000000 0.980800 0.000000 0.000000 0.000000
4671.586426 0.000000 1634.997070 0.000000 0.599185 0.000000 0.800610 1.000000 1.000000 1.000000
4703.758301 0.000000 1611.722168 0.000000 0.596051 0.000000 0.802947 0.000000 0.000000 0.000000
4702.236816 0.000000 1634.092407 0.000000 0.960050 0.000000 0.279829 0.000000 0.000000 0.000000
4704.032227 0.000000 1618.500366 0.000000 0.086896 0.000000 0.996217 1.000000 1.000000 1.000000
4673.017578 0.000000 1608.255615 0.000000 0.474273 0.000000 0.880378 1.000000 1.000000 1.000000
4628.089355 0.000000 1682.863770 0.000000 0.960168 0.000000 0.279423 0.000000 0.000000 0.000000
4669.292480 0.000000 1650.605835 0.000000 0.723518 0.000000 0.690306 1.000000 1.000000 1.000000
4631.491699 0.000000 1638.678345 0.000000 0.827161 0.000000 0.561965 1.000000 1.000000 1.000000
4608.098633 0.000000 1644.995850 0.000000 0.500183 0.000000 0.865920 1.000000 1.000000 1.000000
4710.893555 0.000000 1657.494263 0.000000 0.973659 0.000000 0.228008 0.000000 0.000000 0.000000
4678.215332 0.000000 1686.984497 0.000000 0.837599 0.000000 0.546285 1.000000 1.000000 1.000000
4673.017578 0.000000 1664.739990 0.000000 0.694430 0.000000 0.719560 1.000000 1.000000 1.000000
4756.968750 0.000000 1633.687622 0.000000 0.817202 0.000000 0.576351 0.000000 0.000000 0.000000
4738.396484 0.000000 1583.424683 0.000000 0.966929 0.000000 0.255048 0.000000 0.000000 0.000000
4806.215332 0.000000 1630.500122 0.000000 0.952372 0.000000 0.304940 0.000000 0.000000 0.000000
4781.516602 0.000000 1652.780151 0.000000 0.513726 0.000000 0.857954 0.000000 0.000000 0.000000
4773.982422 0.000000 1688.308716 0.000000 0.299980 0.000000 0.953945 0.000000 0.000000 0.000000
4745.400879 0.000000 1654.166016 0.000000 0.763293 0.000000 0.646052 0.000000 0.000000 0.000000
4786.584961 0.000000 1665.941162 0.000000 0.068284 0.000000 0.997666 1.000000 1.000000 1.000000
4800.254883 0.000000 1685.187744 0.000000 0.524619 0.000000 0.851337 0.000000 0.000000 0.000000
4850.789551 0.000000 1650.134155 0.000000 0.818156 0.000000 0.574996 1.000000 1.000000 1.000000
4850.584961 0.000000 1665.941162 0.000000 0.182398 0.000000 0.983225 1.000000 1.000000 1.000000
4628.968750 0.000000 1746.656372 0.000000 0.998189 0.000000 0.060159 0.000000 0.000000 0.000000
4666.544434 0.000000 1734.954346 0.000000 0.351448 0.000000 0.936207 0.000000 0.000000 0.000000
4658.789551 0.000000 1706.618530 0.000000 0.999153 0.000000 0.041145 0.000000 0.000000 0.000000
4614.215332 0.000000 1743.468872 0.000000 0.975268 0.000000 0.221026 1.000000 1.000000 1.000000
4658.584961 0.000000 1722.425537 0.000000 0.767903 0.000000 0.640566 1.000000 1.000000 1.000000
4669.658691 0.000000 1729.847046 0.000000 0.558761 0.000000 0.829329 1.000000 1.000000 1.000000
4653.943359 0.000000 1696.886230 0.000000 0.369537 0.000000 0.929216 1.000000 1.000000 1.000000
4687.130859 0.000000 1733.903076 0.000000 0.951604 0.000000 0.307328 0.000000 0.000000 0.000000
4726.816895 0.000000 1695.781982 0.000000 0.920079 0.000000 0.391732 1.000000 1.000000 1.000000
4733.292480 0.000000 1707.090210 0.000000 0.671016 0.000000 0.741443 1.000000 1.000000 1.000000
4809.400879 0.000000 1710.650391 0.000000 0.998306 0.000000 0.058177 0.000000 0.000000 0.000000
4823.491699 0.000000 1695.162720 0.000000 0.666432 0.000000 0.745565 1.000000 1.000000 1.000000
4748.978516 0.000000 1751.751587 0.000000 0.171053 0.000000 0.985262 0.000000 0.000000 0.000000
4807.671387 0.000000 1775.872192 0.000000 0.200200 0.000000 0.979755 0.000000 0.000000 0.000000
4861.292480 0.000000 1763.574585 0.000000 0.681839 0.000000 0.731502 1.000000 1.000000 1.000000
4870.215332 0.000000 1630.500122 0.000000 0.949007 0.000000 0.315254 0.000000 0.000000 0.000000
4868.458496 0.000000 1692.512817 0.000000 0.068110 0.000000 0.997678 0.000000 0.000000 0.000000
4879.130859 0.000000 1733.903076 0.000000 0.235665 0.000000 0.971834 0.000000 0.000000 0.000000
4901.432617 0.000000 1762.042725 0.000000 0.515216 0.000000 0.857060 0.000000 0.000000 0.000000
4878.873047 0.000000 1759.062744 0.000000 0.176822 0.000000 0.984243 0.000000 0.000000 0.000000
5204.968750 0.000000 1068.843872 0.000000 0.992209 0.000000 0.124583 0.000000 0.000000 0.000000
5193.203613 0.000000 1052.419556 0.000000 0.256652 0.000000 0.966504 0.000000 0.000000 0.000000
5148.793945 0.000000 1076.044922 0.000000 0.812235 0.000000 0.583331 0.000000 0.000000 0.000000
5151.826172 0.000000 1137.809937 0.000000 0.302465 0.000000 0.953160 1.000000 1.000000 1.000000
5143.491699 0.000000 1130.318970 0.000000 0.928883 0.000000 0.370372 1.000000 1.000000 1.000000
5184.098633 0.000000 1136.636475 0.000000 0.932450 0.000000 0.361299 1.000000 1.000000 1.000000
5229.516602 0.000000 1200.905151 0.000000 0.767486 0.000000 0.641066 0.000000 0.000000 0.000000
4108.978516 0.000000 1808.235962 0.000000 0.960114 0.000000 0.279607 0.000000 0.000000 0.000000
4232.407715 0.000000 1815.312378 0.000000 0.915339 0.000000 0.402685 0.000000 0.000000 0.000000
"}
object={
	name="african_dynamic_forestry_objects_generator_1_1"
	clamp_to_water_level=no
	render_under_water=no
	generated_content=yes
	layer="forestry_dynamic"
	pdxmesh="african_forestry_scatter_02_mesh"
	count=432
	transform="3796.968506 0.000000 1803.140747 0.000000 0.495991 0.000000 -0.868328 0.000000 0.000000 0.000000
3794.127686 0.000000 1764.291626 0.000000 0.263938 0.000000 -0.964540 0.000000 0.000000 0.000000
3802.122314 0.000000 1761.823975 0.000000 0.474172 0.000000 -0.880432 0.000000 0.000000 0.000000
3828.365479 0.000000 1790.281860 0.000000 0.266818 0.000000 -0.963747 0.000000 0.000000 0.000000
3807.825928 0.000000 1759.138062 0.000000 0.043780 0.000000 -0.999041 0.000000 0.000000 0.000000
3953.519043 0.000000 1644.376465 0.000000 0.998144 0.000000 -0.060894 0.000000 0.000000 0.000000
3936.032227 0.000000 1674.984741 0.000000 0.096928 0.000000 -0.995291 1.000000 1.000000 1.000000
3948.063232 0.000000 1647.036011 0.000000 0.481006 0.000000 -0.876717 1.000000 1.000000 1.000000
3959.107910 0.000000 1683.248169 0.000000 0.991177 0.000000 -0.132543 0.000000 0.000000 0.000000
3988.968506 0.000000 1633.687622 0.000000 0.898184 0.000000 -0.439620 0.000000 0.000000 0.000000
4018.789307 0.000000 1650.134155 0.000000 0.957085 0.000000 -0.289808 1.000000 1.000000 1.000000
4052.968506 0.000000 1690.171997 0.000000 0.089894 0.000000 -0.995951 0.000000 0.000000 0.000000
4077.516602 0.000000 1652.780151 0.000000 0.019569 0.000000 -0.999808 0.000000 0.000000 0.000000
4047.130859 0.000000 1677.418701 0.000000 0.611636 0.000000 -0.791139 0.000000 0.000000 0.000000
4084.365479 0.000000 1677.313110 0.000000 0.387164 0.000000 -0.922011 1.000000 1.000000 1.000000
3841.451416 0.000000 1706.706909 0.000000 0.942253 0.000000 -0.334903 0.000000 0.000000 0.000000
3890.585205 0.000000 1722.425537 0.000000 0.922782 0.000000 -0.385322 1.000000 1.000000 1.000000
3903.586426 0.000000 1747.965820 0.000000 0.974200 0.000000 -0.225686 1.000000 1.000000 1.000000
3925.705078 0.000000 1721.398926 0.000000 0.847244 0.000000 -0.531203 0.000000 0.000000 0.000000
3967.957764 0.000000 1715.430298 0.000000 0.998721 0.000000 -0.050559 0.000000 0.000000 0.000000
3958.816650 0.000000 1695.781982 0.000000 0.842615 0.000000 -0.538517 0.000000 0.000000 0.000000
3954.585205 0.000000 1722.425537 0.000000 0.193491 0.000000 -0.981102 1.000000 1.000000 1.000000
3965.658936 0.000000 1729.847046 0.000000 0.730143 0.000000 -0.683294 1.000000 1.000000 1.000000
3878.231201 0.000000 1789.544678 0.000000 0.485936 0.000000 -0.873995 0.000000 0.000000 0.000000
3846.215332 0.000000 1799.953247 0.000000 0.693816 0.000000 -0.720152 0.000000 0.000000 0.000000
3930.073975 0.000000 1781.532104 0.000000 0.981383 0.000000 -0.192059 1.000000 1.000000 1.000000
3972.458496 0.000000 1748.997192 0.000000 0.879152 0.000000 -0.476541 0.000000 0.000000 0.000000
4046.007324 0.000000 1725.421509 0.000000 0.943582 0.000000 -0.331138 0.000000 0.000000 0.000000
3988.569336 0.000000 1756.402100 0.000000 0.921771 0.000000 -0.387734 0.000000 0.000000 0.000000
4033.319092 0.000000 1789.904053 0.000000 0.999704 0.000000 -0.024338 0.000000 0.000000 0.000000
4070.231201 0.000000 1789.544678 0.000000 0.875261 0.000000 -0.483650 0.000000 0.000000 0.000000
3821.516602 0.000000 1878.717651 0.000000 0.999911 0.000000 -0.013378 0.000000 0.000000 0.000000
3841.319092 0.000000 1846.388428 0.000000 0.796730 0.000000 -0.604335 0.000000 0.000000 0.000000
3905.451416 0.000000 1819.675659 0.000000 0.637932 0.000000 -0.770093 0.000000 0.000000 0.000000
3852.978516 0.000000 1864.720337 0.000000 0.256861 0.000000 -0.966448 0.000000 0.000000 0.000000
4052.569336 0.000000 1812.886475 0.000000 0.757056 0.000000 -0.653350 0.000000 0.000000 0.000000
4082.789307 0.000000 1819.587280 0.000000 0.899604 0.000000 -0.436706 1.000000 1.000000 1.000000
4527.722656 0.000000 722.132141 0.000000 0.727351 0.000000 -0.686266 0.000000 0.000000 0.000000
4564.968750 0.000000 899.390747 0.000000 0.787110 0.000000 -0.616812 0.000000 0.000000 0.000000
4575.453613 0.000000 863.995728 0.000000 0.546875 0.000000 -0.837214 0.000000 0.000000 0.000000
4609.451172 0.000000 802.956909 0.000000 0.997640 0.000000 -0.068667 0.000000 0.000000 0.000000
4669.658691 0.000000 826.096985 0.000000 0.302937 0.000000 -0.953011 1.000000 1.000000 1.000000
4704.032227 0.000000 827.719116 0.000000 0.992973 0.000000 -0.118338 0.000000 0.000000 0.000000
4713.260742 0.000000 835.003418 0.000000 0.984065 0.000000 -0.177811 1.000000 1.000000 1.000000
4609.451172 0.000000 859.441284 0.000000 0.027221 0.000000 -0.999629 0.000000 0.000000 0.000000
4673.451172 0.000000 859.441284 0.000000 0.979188 0.000000 -0.202956 0.000000 0.000000 0.000000
4717.943359 0.000000 849.620544 0.000000 0.283289 0.000000 -0.959034 1.000000 1.000000 1.000000
4751.272949 0.000000 869.184204 0.000000 0.911536 0.000000 -0.411221 0.000000 0.000000 0.000000
4528.205566 0.000000 960.208740 0.000000 0.489955 0.000000 -0.871748 0.000000 0.000000 0.000000
4545.451172 0.000000 915.925659 0.000000 0.182877 0.000000 -0.983136 0.000000 0.000000 0.000000
4545.318848 0.000000 942.638428 0.000000 0.041714 0.000000 -0.999130 0.000000 0.000000 0.000000
4562.127930 0.000000 917.026062 0.000000 0.934837 0.000000 -0.355078 0.000000 0.000000 0.000000
4528.205566 0.000000 1016.693115 0.000000 0.759949 0.000000 -0.649983 0.000000 0.000000 0.000000
4545.451172 0.000000 972.410034 0.000000 0.907021 0.000000 -0.421086 0.000000 0.000000 0.000000
4558.953125 0.000000 1014.206055 0.000000 0.979983 0.000000 -0.199083 1.000000 1.000000 1.000000
4484.458496 0.000000 1071.184692 0.000000 0.093583 0.000000 -0.995611 0.000000 0.000000 0.000000
4534.816895 0.000000 1017.969543 0.000000 0.755872 0.000000 -0.654720 1.000000 1.000000 1.000000
4556.978516 0.000000 1017.454712 0.000000 0.449647 0.000000 -0.893206 0.000000 0.000000 0.000000
4501.705078 0.000000 1100.070801 0.000000 0.647427 0.000000 -0.762128 0.000000 0.000000 0.000000
4517.982422 0.000000 1123.464966 0.000000 0.718306 0.000000 -0.695727 0.000000 0.000000 0.000000
4494.873047 0.000000 1081.250244 0.000000 0.617783 0.000000 -0.786349 0.000000 0.000000 0.000000
4503.491699 0.000000 1073.834595 0.000000 0.665408 0.000000 -0.746479 0.000000 0.000000 0.000000
4589.516602 0.000000 1087.936401 0.000000 0.580951 0.000000 -0.813939 0.000000 0.000000 0.000000
4556.978516 0.000000 1073.939087 0.000000 0.616392 0.000000 -0.787440 0.000000 0.000000 0.000000
4544.254883 0.000000 1120.343994 0.000000 0.933222 0.000000 -0.359300 0.000000 0.000000 0.000000
4574.236816 0.000000 1125.733032 0.000000 0.999448 0.000000 -0.033216 0.000000 0.000000 0.000000
4605.292480 0.000000 1085.762085 0.000000 0.381166 0.000000 -0.924507 0.000000 0.000000 0.000000
4474.807129 0.000000 1136.342041 0.000000 0.694804 0.000000 -0.719199 0.000000 0.000000 0.000000
4481.318848 0.000000 1168.575928 0.000000 0.088210 0.000000 -0.996102 0.000000 0.000000 0.000000
4543.958008 0.000000 1150.586548 0.000000 0.072660 0.000000 -0.997357 0.000000 0.000000 0.000000
4551.979980 0.000000 1228.307129 0.000000 0.159278 0.000000 -0.987234 0.000000 0.000000 0.000000
4605.248047 0.000000 1232.173950 0.000000 0.102226 0.000000 -0.994761 1.000000 1.000000 1.000000
4436.569336 0.000000 1304.527100 0.000000 0.928247 0.000000 -0.371964 0.000000 0.000000 0.000000
4430.873047 0.000000 1307.187744 0.000000 0.770342 0.000000 -0.637631 0.000000 0.000000 0.000000
4548.458496 0.000000 1297.122192 0.000000 0.970416 0.000000 -0.241439 0.000000 0.000000 0.000000
4562.127930 0.000000 1255.932251 0.000000 0.988599 0.000000 -0.150575 0.000000 0.000000 0.000000
4576.032227 0.000000 1279.594116 0.000000 0.078136 0.000000 -0.996943 0.000000 0.000000 0.000000
4585.260742 0.000000 1286.878418 0.000000 0.996205 0.000000 -0.087042 1.000000 1.000000 1.000000
4607.586426 0.000000 1296.090820 0.000000 0.966454 0.000000 -0.256838 1.000000 1.000000 1.000000
4543.586426 0.000000 1352.575195 0.000000 0.160818 0.000000 -0.986984 1.000000 1.000000 1.000000
4562.127930 0.000000 1312.416626 0.000000 0.912306 0.000000 -0.409508 0.000000 0.000000 0.000000
4622.007324 0.000000 934.640198 0.000000 0.212425 0.000000 -0.977178 0.000000 0.000000 0.000000
4692.968750 0.000000 955.875122 0.000000 0.483512 0.000000 -0.875338 0.000000 0.000000 0.000000
4673.451172 0.000000 915.925659 0.000000 0.996198 0.000000 -0.087117 0.000000 0.000000 0.000000
4609.451172 0.000000 972.410034 0.000000 0.495081 0.000000 -0.868847 0.000000 0.000000 0.000000
4610.500488 0.000000 979.978455 0.000000 0.987795 0.000000 -0.155760 0.000000 0.000000 0.000000
4686.007324 0.000000 991.124573 0.000000 0.866523 0.000000 -0.499138 0.000000 0.000000 0.000000
4774.230957 0.000000 998.763428 0.000000 0.657018 0.000000 -0.753875 0.000000 0.000000 0.000000
4794.807129 0.000000 966.888916 0.000000 0.736154 0.000000 -0.676814 0.000000 0.000000 0.000000
4797.292480 0.000000 972.793335 0.000000 0.171244 0.000000 -0.985229 1.000000 1.000000 1.000000
4802.396484 0.000000 962.096497 0.000000 0.716147 0.000000 -0.697949 0.000000 0.000000 0.000000
4855.638184 0.000000 975.977844 0.000000 0.110246 0.000000 -0.993904 0.000000 0.000000 0.000000
4832.032227 0.000000 997.172241 0.000000 0.939234 0.000000 -0.343276 1.000000 1.000000 1.000000
4841.385742 0.000000 993.152527 0.000000 0.934982 0.000000 -0.354696 1.000000 1.000000 1.000000
4825.621582 0.000000 1008.109253 0.000000 0.909136 0.000000 -0.416499 1.000000 1.000000 1.000000
4806.215332 0.000000 1009.171997 0.000000 0.118946 0.000000 -0.992901 1.000000 1.000000 1.000000
4814.953125 0.000000 1014.206055 0.000000 0.286953 0.000000 -0.957945 1.000000 1.000000 1.000000
4724.365234 0.000000 1055.984985 0.000000 0.179071 0.000000 -0.983836 1.000000 1.000000 1.000000
4733.248047 0.000000 1062.720825 0.000000 0.899075 0.000000 -0.437795 0.000000 0.000000 0.000000
4609.451172 0.000000 1085.378784 0.000000 0.999986 0.000000 -0.005373 0.000000 0.000000 0.000000
4617.400879 0.000000 1089.322266 0.000000 0.774544 0.000000 -0.632521 0.000000 0.000000 0.000000
4628.089355 0.000000 1118.020020 0.000000 0.877988 0.000000 -0.478684 0.000000 0.000000 0.000000
4663.107910 0.000000 1118.404419 0.000000 0.102833 0.000000 -0.994699 0.000000 0.000000 0.000000
4622.953125 0.000000 1127.174805 0.000000 0.934670 0.000000 -0.355516 1.000000 1.000000 1.000000
4672.254883 0.000000 1120.343994 0.000000 0.903379 0.000000 -0.428843 0.000000 0.000000 0.000000
4678.215332 0.000000 1122.140747 0.000000 0.258141 0.000000 -0.966107 0.000000 0.000000 0.000000
4686.953125 0.000000 1127.174805 0.000000 0.709616 0.000000 -0.704589 0.000000 0.000000 0.000000
4804.458496 0.000000 1071.184692 0.000000 0.652171 0.000000 -0.758072 0.000000 0.000000 0.000000
4818.127930 0.000000 1029.994751 0.000000 0.713170 0.000000 -0.700991 0.000000 0.000000 0.000000
4809.400879 0.000000 1032.837891 0.000000 0.247121 0.000000 -0.968985 0.000000 0.000000 0.000000
4756.968750 0.000000 1125.328247 0.000000 0.367206 0.000000 -0.930140 0.000000 0.000000 0.000000
4757.705078 0.000000 1100.070801 0.000000 0.981272 0.000000 -0.192627 0.000000 0.000000 0.000000
4797.292480 0.000000 1085.762085 0.000000 0.671085 0.000000 -0.741381 0.000000 0.000000 0.000000
4809.203613 0.000000 1108.903931 0.000000 0.113299 0.000000 -0.993561 0.000000 0.000000 0.000000
4865.451172 0.000000 972.410034 0.000000 0.390648 0.000000 -0.920540 0.000000 0.000000 0.000000
5094.230957 0.000000 942.279053 0.000000 0.999248 0.000000 -0.038767 0.000000 0.000000 0.000000
4868.458496 0.000000 1071.184692 0.000000 0.832741 0.000000 -0.553663 0.000000 0.000000 0.000000
4868.458496 0.000000 1127.669067 0.000000 0.999966 0.000000 -0.008281 0.000000 0.000000 0.000000
4873.400879 0.000000 1089.322266 0.000000 0.510301 0.000000 -0.859996 0.000000 0.000000 0.000000
4934.215332 0.000000 1122.140747 0.000000 0.834278 0.000000 -0.551344 1.000000 1.000000 1.000000
4646.230957 0.000000 1168.216553 0.000000 0.774440 0.000000 -0.632647 0.000000 0.000000 0.000000
4615.671387 0.000000 1154.544067 0.000000 0.986826 0.000000 -0.161783 0.000000 0.000000 0.000000
4649.260742 0.000000 1173.909668 0.000000 0.989606 0.000000 -0.143802 1.000000 1.000000 1.000000
4652.062988 0.000000 1138.676636 0.000000 0.367003 0.000000 -0.930220 0.000000 0.000000 0.000000
4671.586426 0.000000 1183.122070 0.000000 0.993719 0.000000 -0.111901 1.000000 1.000000 1.000000
4698.122559 0.000000 1140.495850 0.000000 0.416402 0.000000 -0.909180 0.000000 0.000000 0.000000
4733.248047 0.000000 1175.689575 0.000000 0.810040 0.000000 -0.586374 1.000000 1.000000 1.000000
4713.385742 0.000000 1219.089966 0.000000 0.661261 0.000000 -0.750156 0.000000 0.000000 0.000000
4717.943359 0.000000 1188.526855 0.000000 0.562043 0.000000 -0.827108 1.000000 1.000000 1.000000
4736.254883 0.000000 1176.828369 0.000000 0.892773 0.000000 -0.450507 0.000000 0.000000 0.000000
4809.400879 0.000000 1145.806641 0.000000 0.958556 0.000000 -0.284904 0.000000 0.000000 0.000000
4740.458496 0.000000 1240.637817 0.000000 0.411672 0.000000 -0.911332 0.000000 0.000000 0.000000
4754.127930 0.000000 1199.447876 0.000000 0.927374 0.000000 -0.374136 0.000000 0.000000 0.000000
4783.722656 0.000000 1230.491577 0.000000 0.919077 0.000000 -0.394077 0.000000 0.000000 0.000000
4653.516602 0.000000 1257.389526 0.000000 0.932626 0.000000 -0.360844 0.000000 0.000000 0.000000
4609.318848 0.000000 1281.544678 0.000000 0.994692 0.000000 -0.102894 0.000000 0.000000 0.000000
4655.722656 0.000000 1286.975952 0.000000 0.298121 0.000000 -0.954528 0.000000 0.000000 0.000000
4630.478027 0.000000 1277.549561 0.000000 0.698006 0.000000 -0.716092 0.000000 0.000000 0.000000
4615.979980 0.000000 1284.791504 0.000000 0.667825 0.000000 -0.744318 0.000000 0.000000 0.000000
4638.530273 0.000000 1266.116333 0.000000 0.521640 0.000000 -0.853166 0.000000 0.000000 0.000000
4617.203613 0.000000 1278.357056 0.000000 0.276481 0.000000 -0.961019 0.000000 0.000000 0.000000
4614.215332 0.000000 1291.593872 0.000000 0.714981 0.000000 -0.699144 1.000000 1.000000 1.000000
4720.541992 0.000000 1265.241455 0.000000 0.334686 0.000000 -0.942330 0.000000 0.000000 0.000000
4609.451172 0.000000 1311.316284 0.000000 0.054382 0.000000 -0.998520 0.000000 0.000000 0.000000
4629.705078 0.000000 1326.008301 0.000000 0.783380 0.000000 -0.621543 0.000000 0.000000 0.000000
4608.254883 0.000000 1346.281494 0.000000 0.859336 0.000000 -0.511411 0.000000 0.000000 0.000000
4784.205566 0.000000 1299.114990 0.000000 0.034200 0.000000 -0.999415 0.000000 0.000000 0.000000
4773.982422 0.000000 1292.918091 0.000000 0.102551 0.000000 -0.994728 0.000000 0.000000 0.000000
4781.943359 0.000000 1245.011230 0.000000 0.599463 0.000000 -0.800402 1.000000 1.000000 1.000000
4815.130859 0.000000 1282.028076 0.000000 0.760802 0.000000 -0.648984 0.000000 0.000000 0.000000
4808.407715 0.000000 1250.468628 0.000000 0.865999 0.000000 -0.500046 0.000000 0.000000 0.000000
4868.458496 0.000000 1184.153442 0.000000 0.608583 0.000000 -0.793490 0.000000 0.000000 0.000000
4929.451172 0.000000 1141.863159 0.000000 0.218462 0.000000 -0.975845 0.000000 0.000000 0.000000
4976.205566 0.000000 1186.146240 0.000000 0.752832 0.000000 -0.658213 0.000000 0.000000 0.000000
4960.032227 0.000000 1166.625366 0.000000 0.874140 0.000000 -0.485674 0.000000 0.000000 0.000000
4986.544434 0.000000 1226.594971 0.000000 0.883303 0.000000 -0.468803 0.000000 0.000000 0.000000
4984.065918 0.000000 1211.534424 0.000000 0.891877 0.000000 -0.452278 0.000000 0.000000 0.000000
4954.122559 0.000000 1196.980225 0.000000 0.997610 0.000000 -0.069101 0.000000 0.000000 0.000000
4989.292480 0.000000 1198.730835 0.000000 0.647439 0.000000 -0.762117 1.000000 1.000000 1.000000
4966.230957 0.000000 1281.185303 0.000000 0.947861 0.000000 -0.318685 0.000000 0.000000 0.000000
4953.621582 0.000000 1290.531128 0.000000 0.370933 0.000000 -0.928660 0.000000 0.000000 0.000000
4894.236816 0.000000 1351.670532 0.000000 0.115106 0.000000 -0.993353 0.000000 0.000000 0.000000
4940.978516 0.000000 1299.876587 0.000000 0.466351 0.000000 -0.884600 0.000000 0.000000 0.000000
4943.130859 0.000000 1338.512451 0.000000 0.721936 0.000000 -0.691960 0.000000 0.000000 0.000000
4963.765137 0.000000 1324.987915 0.000000 0.289071 0.000000 -0.957308 1.000000 1.000000 1.000000
4951.491699 0.000000 1299.772095 0.000000 0.696258 0.000000 -0.717791 1.000000 1.000000 1.000000
4993.017578 0.000000 1269.349365 0.000000 0.896739 0.000000 -0.442560 1.000000 1.000000 1.000000
4992.098633 0.000000 1249.605225 0.000000 0.485881 0.000000 -0.874025 1.000000 1.000000 1.000000
4346.807129 0.000000 1475.248291 0.000000 0.691998 0.000000 -0.721899 0.000000 0.000000 0.000000
4346.368164 0.000000 1520.519653 0.000000 0.420455 0.000000 -0.907313 0.000000 0.000000 0.000000
4351.586426 0.000000 1522.028320 0.000000 0.836249 0.000000 -0.548350 1.000000 1.000000 1.000000
4336.205566 0.000000 1581.536865 0.000000 0.489754 0.000000 -0.871861 0.000000 0.000000 0.000000
4342.816895 0.000000 1526.328857 0.000000 0.477634 0.000000 -0.878559 1.000000 1.000000 1.000000
4349.292480 0.000000 1537.637085 0.000000 0.324460 0.000000 -0.945899 0.000000 0.000000 0.000000
4332.062988 0.000000 1534.067261 0.000000 0.964290 0.000000 -0.264850 1.000000 1.000000 1.000000
4343.107910 0.000000 1570.279419 0.000000 0.896480 0.000000 -0.443085 0.000000 0.000000 0.000000
4407.107910 0.000000 1400.826294 0.000000 0.763684 0.000000 -0.645590 1.000000 1.000000 1.000000
4417.451172 0.000000 1367.800659 0.000000 0.608977 0.000000 -0.793188 0.000000 0.000000 0.000000
4471.107910 0.000000 1400.826294 0.000000 0.642511 0.000000 -0.766277 1.000000 1.000000 1.000000
4410.544434 0.000000 1452.532471 0.000000 0.727732 0.000000 -0.685862 0.000000 0.000000 0.000000
4407.107910 0.000000 1457.310669 0.000000 0.223071 0.000000 -0.974802 0.000000 0.000000 0.000000
4417.451172 0.000000 1424.285034 0.000000 0.960012 0.000000 -0.279959 0.000000 0.000000 0.000000
4420.032715 0.000000 1443.720947 0.000000 0.209673 0.000000 -0.977772 0.000000 0.000000 0.000000
4466.789551 0.000000 1424.196655 0.000000 0.456599 0.000000 -0.889673 0.000000 0.000000 0.000000
4511.758301 0.000000 1385.784668 0.000000 0.997155 0.000000 -0.075381 0.000000 0.000000 0.000000
4489.400879 0.000000 1371.744141 0.000000 0.806364 0.000000 -0.591419 0.000000 0.000000 0.000000
4589.516602 0.000000 1370.358276 0.000000 0.488282 0.000000 -0.872686 0.000000 0.000000 0.000000
4576.032227 0.000000 1392.562866 0.000000 0.256134 0.000000 -0.966641 1.000000 1.000000 1.000000
4585.260742 0.000000 1399.847168 0.000000 0.573566 0.000000 -0.819160 0.000000 0.000000 0.000000
4596.365234 0.000000 1394.891235 0.000000 0.947392 0.000000 -0.320077 1.000000 1.000000 1.000000
4569.621582 0.000000 1403.499878 0.000000 0.688455 0.000000 -0.725279 1.000000 1.000000 1.000000
4605.248047 0.000000 1401.627075 0.000000 0.446433 0.000000 -0.894817 1.000000 1.000000 1.000000
4599.107910 0.000000 1400.826294 0.000000 0.785612 0.000000 -0.618719 1.000000 1.000000 1.000000
4550.215332 0.000000 1404.562622 0.000000 0.998912 0.000000 -0.046641 1.000000 1.000000 1.000000
4558.953125 0.000000 1409.596680 0.000000 0.996591 0.000000 -0.082497 1.000000 1.000000 1.000000
4505.621582 0.000000 1459.984253 0.000000 0.879766 0.000000 -0.475407 1.000000 1.000000 1.000000
4515.765137 0.000000 1437.956665 0.000000 0.558737 0.000000 -0.829345 1.000000 1.000000 1.000000
4541.658691 0.000000 1447.425171 0.000000 0.412824 0.000000 -0.910811 1.000000 1.000000 1.000000
4602.807129 0.000000 1418.763916 0.000000 0.540250 0.000000 -0.841505 0.000000 0.000000 0.000000
4607.487305 0.000000 1442.337036 0.000000 0.814075 0.000000 -0.580759 0.000000 0.000000 0.000000
4605.248047 0.000000 1458.111450 0.000000 0.291384 0.000000 -0.956606 0.000000 0.000000 0.000000
4570.074219 0.000000 1442.625854 0.000000 0.206077 0.000000 -0.978536 0.000000 0.000000 0.000000
4605.658691 0.000000 1447.425171 0.000000 0.284622 0.000000 -0.958640 1.000000 1.000000 1.000000
4389.982422 0.000000 1518.855591 0.000000 0.235209 0.000000 -0.971945 0.000000 0.000000 0.000000
4385.210449 0.000000 1513.467041 0.000000 0.849280 0.000000 -0.527943 0.000000 0.000000 0.000000
4404.365234 0.000000 1507.859985 0.000000 0.412797 0.000000 -0.910823 0.000000 0.000000 0.000000
4413.248047 0.000000 1514.595825 0.000000 0.998201 0.000000 -0.059961 1.000000 1.000000 1.000000
4402.584961 0.000000 1496.488037 0.000000 0.041752 0.000000 -0.999128 0.000000 0.000000 0.000000
4375.491699 0.000000 1469.225220 0.000000 0.867170 0.000000 -0.498012 1.000000 1.000000 1.000000
4437.705078 0.000000 1495.461426 0.000000 0.463234 0.000000 -0.886236 0.000000 0.000000 0.000000
4418.396484 0.000000 1470.455933 0.000000 0.532229 0.000000 -0.846601 0.000000 0.000000 0.000000
4457.260742 0.000000 1512.815918 0.000000 0.098015 0.000000 -0.995185 1.000000 1.000000 1.000000
4457.385742 0.000000 1501.511841 0.000000 0.816447 0.000000 -0.577421 0.000000 0.000000 0.000000
4451.765137 0.000000 1494.441040 0.000000 0.473320 0.000000 -0.880890 1.000000 1.000000 1.000000
4417.017578 0.000000 1495.286865 0.000000 0.919617 0.000000 -0.392816 1.000000 1.000000 1.000000
4356.458496 0.000000 1579.544067 0.000000 0.555694 0.000000 -0.831387 0.000000 0.000000 0.000000
4386.900879 0.000000 1525.142822 0.000000 0.928257 0.000000 -0.371939 0.000000 0.000000 0.000000
4366.873047 0.000000 1533.125244 0.000000 0.999965 0.000000 -0.008323 1.000000 1.000000 1.000000
4413.292480 0.000000 1537.637085 0.000000 0.412678 0.000000 -0.910877 0.000000 0.000000 0.000000
4383.826172 0.000000 1533.200562 0.000000 0.546141 0.000000 -0.837694 1.000000 1.000000 1.000000
4353.017578 0.000000 1551.771240 0.000000 0.630334 0.000000 -0.776324 1.000000 1.000000 1.000000
4417.451172 0.000000 1537.253784 0.000000 0.126342 0.000000 -0.991987 0.000000 0.000000 0.000000
4438.478027 0.000000 1559.971436 0.000000 0.304162 0.000000 -0.952620 0.000000 0.000000 0.000000
4441.621582 0.000000 1572.953003 0.000000 0.159553 0.000000 -0.987189 1.000000 1.000000 1.000000
4471.107910 0.000000 1570.279419 0.000000 0.943426 0.000000 -0.331583 1.000000 1.000000 1.000000
4442.074219 0.000000 1555.594604 0.000000 0.864064 0.000000 -0.503383 0.000000 0.000000 0.000000
4439.491699 0.000000 1525.709595 0.000000 0.282557 0.000000 -0.959251 1.000000 1.000000 1.000000
4521.385742 0.000000 1501.511841 0.000000 0.968068 0.000000 -0.250686 1.000000 1.000000 1.000000
4524.062988 0.000000 1477.582886 0.000000 0.959869 0.000000 -0.280449 1.000000 1.000000 1.000000
4535.107910 0.000000 1513.795044 0.000000 0.331420 0.000000 -0.943483 0.000000 0.000000 0.000000
4545.451172 0.000000 1480.769409 0.000000 0.041313 0.000000 -0.999146 0.000000 0.000000 0.000000
4600.065918 0.000000 1493.956299 0.000000 0.844631 0.000000 -0.535348 0.000000 0.000000 0.000000
4570.122559 0.000000 1479.402100 0.000000 0.855744 0.000000 -0.517399 0.000000 0.000000 0.000000
4558.873047 0.000000 1476.640869 0.000000 0.054912 0.000000 -0.998491 1.000000 1.000000 1.000000
4589.943359 0.000000 1470.948730 0.000000 0.999788 0.000000 -0.020599 1.000000 1.000000 1.000000
4481.451172 0.000000 1537.253784 0.000000 0.136920 0.000000 -0.990582 0.000000 0.000000 0.000000
4489.400879 0.000000 1541.197266 0.000000 0.041757 0.000000 -0.999128 0.000000 0.000000 0.000000
4536.550781 0.000000 1557.937256 0.000000 0.980896 0.000000 -0.194531 0.000000 0.000000 0.000000
4535.107910 0.000000 1570.279419 0.000000 0.465868 0.000000 -0.884854 1.000000 1.000000 1.000000
4515.765137 0.000000 1550.925415 0.000000 0.190483 0.000000 -0.981691 1.000000 1.000000 1.000000
4494.953125 0.000000 1579.049805 0.000000 0.692712 0.000000 -0.721214 1.000000 1.000000 1.000000
4541.658691 0.000000 1560.393921 0.000000 0.768832 0.000000 -0.639451 1.000000 1.000000 1.000000
4565.705078 0.000000 1551.945801 0.000000 0.559803 0.000000 -0.828626 0.000000 0.000000 0.000000
4575.453613 0.000000 1541.808228 0.000000 0.971151 0.000000 -0.238467 0.000000 0.000000 0.000000
4574.236816 0.000000 1577.608032 0.000000 0.047170 0.000000 -0.998887 0.000000 0.000000 0.000000
4599.107910 0.000000 1570.279419 0.000000 0.887561 0.000000 -0.460690 1.000000 1.000000 1.000000
4159.586426 0.000000 1691.481445 0.000000 0.438545 0.000000 -0.898709 1.000000 1.000000 1.000000
4180.968750 0.000000 1690.171997 0.000000 0.309015 0.000000 -0.951057 0.000000 0.000000 0.000000
4161.318848 0.000000 1676.935303 0.000000 0.339002 0.000000 -0.940786 0.000000 0.000000 0.000000
4320.032227 0.000000 1618.500366 0.000000 0.938263 0.000000 -0.345921 0.000000 0.000000 0.000000
4349.248047 0.000000 1684.048950 0.000000 0.471541 0.000000 -0.881844 1.000000 1.000000 1.000000
4141.943359 0.000000 1696.886230 0.000000 0.304395 0.000000 -0.952546 1.000000 1.000000 1.000000
4210.789551 0.000000 1706.618530 0.000000 0.610582 0.000000 -0.791953 1.000000 1.000000 1.000000
4175.130859 0.000000 1790.387451 0.000000 0.437548 0.000000 -0.899195 0.000000 0.000000 0.000000
4214.816895 0.000000 1752.266357 0.000000 0.965455 0.000000 -0.260568 0.000000 0.000000 0.000000
4262.230957 0.000000 1733.060303 0.000000 0.527301 0.000000 -0.849679 0.000000 0.000000 0.000000
4256.032227 0.000000 1731.469116 0.000000 0.428066 0.000000 -0.903747 0.000000 0.000000 0.000000
4274.584961 0.000000 1722.425537 0.000000 0.286160 0.000000 -0.958182 1.000000 1.000000 1.000000
4288.098633 0.000000 1701.480225 0.000000 0.879216 0.000000 -0.476422 1.000000 1.000000 1.000000
4244.968750 0.000000 1803.140747 0.000000 0.715040 0.000000 -0.699084 0.000000 0.000000 0.000000
4269.516602 0.000000 1765.748901 0.000000 0.962513 0.000000 -0.271235 0.000000 0.000000 0.000000
4326.230957 0.000000 1789.544678 0.000000 0.920443 0.000000 -0.390878 0.000000 0.000000 0.000000
4306.127930 0.000000 1764.291626 0.000000 0.884319 0.000000 -0.466884 0.000000 0.000000 0.000000
4303.272949 0.000000 1772.934204 0.000000 0.997499 0.000000 -0.070675 0.000000 0.000000 0.000000
4329.385742 0.000000 1783.933716 0.000000 0.288580 0.000000 -0.957456 1.000000 1.000000 1.000000
4364.978516 0.000000 1582.298462 0.000000 0.777616 0.000000 -0.628739 0.000000 0.000000 0.000000
4352.254883 0.000000 1628.703369 0.000000 0.337845 0.000000 -0.941202 0.000000 0.000000 0.000000
4393.260742 0.000000 1625.784668 0.000000 0.882403 0.000000 -0.470495 0.000000 0.000000 0.000000
4404.365234 0.000000 1620.828735 0.000000 0.705153 0.000000 -0.709055 1.000000 1.000000 1.000000
4383.826172 0.000000 1589.684937 0.000000 0.995368 0.000000 -0.096137 1.000000 1.000000 1.000000
4467.456055 0.000000 1631.850708 0.000000 0.748243 0.000000 -0.663425 0.000000 0.000000 0.000000
4457.260742 0.000000 1625.784668 0.000000 0.981381 0.000000 -0.192073 1.000000 1.000000 1.000000
4460.062988 0.000000 1590.551636 0.000000 0.378875 0.000000 -0.925448 0.000000 0.000000 0.000000
4471.107910 0.000000 1626.763794 0.000000 0.091056 0.000000 -0.995846 1.000000 1.000000 1.000000
4422.215332 0.000000 1630.500122 0.000000 0.700022 0.000000 -0.714121 0.000000 0.000000 0.000000
4430.953125 0.000000 1635.534180 0.000000 0.102104 0.000000 -0.994774 1.000000 1.000000 1.000000
4439.491699 0.000000 1582.193970 0.000000 0.986511 0.000000 -0.163694 1.000000 1.000000 1.000000
4372.968750 0.000000 1690.171997 0.000000 0.716972 0.000000 -0.697102 0.000000 0.000000 0.000000
4397.943359 0.000000 1640.401855 0.000000 0.981022 0.000000 -0.193897 1.000000 1.000000 1.000000
4501.705078 0.000000 1608.430176 0.000000 0.753468 0.000000 -0.657485 0.000000 0.000000 0.000000
4535.107910 0.000000 1626.763794 0.000000 0.887302 0.000000 -0.461189 0.000000 0.000000 0.000000
4486.215332 0.000000 1630.500122 0.000000 0.565214 0.000000 -0.824944 0.000000 0.000000 0.000000
4481.017578 0.000000 1608.255615 0.000000 0.098268 0.000000 -0.995160 0.000000 0.000000 0.000000
4480.098633 0.000000 1588.511475 0.000000 0.894576 0.000000 -0.446916 1.000000 1.000000 1.000000
4565.705078 0.000000 1608.430176 0.000000 0.287649 0.000000 -0.957736 0.000000 0.000000 0.000000
4545.318848 0.000000 1620.450928 0.000000 0.378449 0.000000 -0.925622 0.000000 0.000000 0.000000
4607.958008 0.000000 1602.461548 0.000000 0.615712 0.000000 -0.787972 0.000000 0.000000 0.000000
4605.292480 0.000000 1594.121460 0.000000 0.115741 0.000000 -0.993279 0.000000 0.000000 0.000000
4605.658691 0.000000 1616.878296 0.000000 0.902341 0.000000 -0.431024 1.000000 1.000000 1.000000
4521.385742 0.000000 1670.964966 0.000000 0.007466 0.000000 -0.999972 0.000000 0.000000 0.000000
4515.765137 0.000000 1663.894165 0.000000 0.748586 0.000000 -0.663038 1.000000 1.000000 1.000000
4548.458496 0.000000 1692.512817 0.000000 0.074142 0.000000 -0.997248 0.000000 0.000000 0.000000
4576.032227 0.000000 1674.984741 0.000000 0.982174 0.000000 -0.187974 0.000000 0.000000 0.000000
4605.248047 0.000000 1684.048950 0.000000 0.816449 0.000000 -0.577417 1.000000 1.000000 1.000000
4607.586426 0.000000 1691.481445 0.000000 0.863070 0.000000 -0.505085 1.000000 1.000000 1.000000
4605.658691 0.000000 1673.362671 0.000000 0.879746 0.000000 -0.475443 1.000000 1.000000 1.000000
4353.451172 0.000000 1706.706909 0.000000 0.470905 0.000000 -0.882184 0.000000 0.000000 0.000000
4423.979980 0.000000 1736.666504 0.000000 0.938139 0.000000 -0.346259 0.000000 0.000000 0.000000
4477.292480 0.000000 1707.090210 0.000000 0.171690 0.000000 -0.985151 1.000000 1.000000 1.000000
4353.451172 0.000000 1763.191284 0.000000 0.418248 0.000000 -0.908333 0.000000 0.000000 0.000000
4360.407715 0.000000 1758.828003 0.000000 0.999730 0.000000 -0.023247 0.000000 0.000000 0.000000
4417.451172 0.000000 1763.191284 0.000000 0.664162 0.000000 -0.747588 0.000000 0.000000 0.000000
4470.816895 0.000000 1752.266357 0.000000 0.922926 0.000000 -0.384977 1.000000 1.000000 1.000000
4484.458496 0.000000 1748.997192 0.000000 0.784845 0.000000 -0.619693 0.000000 0.000000 0.000000
4503.890625 0.000000 1713.588989 0.000000 0.789093 0.000000 -0.614273 0.000000 0.000000 0.000000
4500.089355 0.000000 1739.348145 0.000000 0.538527 0.000000 -0.842608 0.000000 0.000000 0.000000
4494.873047 0.000000 1702.578369 0.000000 0.816078 0.000000 -0.577941 1.000000 1.000000 1.000000
4494.953125 0.000000 1748.502930 0.000000 0.991533 0.000000 -0.129855 0.000000 0.000000 0.000000
4506.074219 0.000000 1725.047729 0.000000 0.471608 0.000000 -0.881808 1.000000 1.000000 1.000000
4503.491699 0.000000 1695.162720 0.000000 0.935727 0.000000 -0.352725 1.000000 1.000000 1.000000
4551.671387 0.000000 1719.387817 0.000000 0.999772 0.000000 -0.021350 0.000000 0.000000 0.000000
4584.832520 0.000000 1698.032349 0.000000 0.954969 0.000000 -0.296705 0.000000 0.000000 0.000000
4576.032227 0.000000 1731.469116 0.000000 0.536870 0.000000 -0.843665 1.000000 1.000000 1.000000
4569.621582 0.000000 1742.406128 0.000000 0.958425 0.000000 -0.285346 1.000000 1.000000 1.000000
4594.789551 0.000000 1706.618530 0.000000 0.951130 0.000000 -0.308792 1.000000 1.000000 1.000000
4545.017578 0.000000 1721.224365 0.000000 0.881771 0.000000 -0.471678 1.000000 1.000000 1.000000
4538.807129 0.000000 1757.670166 0.000000 0.982857 0.000000 -0.184368 0.000000 0.000000 0.000000
4494.873047 0.000000 1759.062744 0.000000 0.936805 0.000000 -0.349851 1.000000 1.000000 1.000000
4541.292480 0.000000 1763.574585 0.000000 0.579064 0.000000 -0.815282 1.000000 1.000000 1.000000
4530.789551 0.000000 1763.102905 0.000000 0.660173 0.000000 -0.751113 1.000000 1.000000 1.000000
4565.705078 0.000000 1777.883301 0.000000 0.988571 0.000000 -0.150759 0.000000 0.000000 0.000000
4559.272949 0.000000 1772.934204 0.000000 0.993766 0.000000 -0.111488 0.000000 0.000000 0.000000
4588.062988 0.000000 1760.004761 0.000000 0.606207 0.000000 -0.795307 0.000000 0.000000 0.000000
4612.458496 0.000000 1410.090942 0.000000 0.722314 0.000000 -0.691565 0.000000 0.000000 0.000000
4649.385742 0.000000 1388.543091 0.000000 0.946482 0.000000 -0.322755 1.000000 1.000000 1.000000
4658.584961 0.000000 1383.519287 0.000000 0.993211 0.000000 -0.116330 1.000000 1.000000 1.000000
4673.318848 0.000000 1394.513428 0.000000 0.933856 0.000000 -0.357648 0.000000 0.000000 0.000000
4686.953125 0.000000 1409.596680 0.000000 0.465088 0.000000 -0.885264 0.000000 0.000000 0.000000
4628.089355 0.000000 1456.926270 0.000000 0.154619 0.000000 -0.987974 0.000000 0.000000 0.000000
4640.032227 0.000000 1449.047241 0.000000 0.727033 0.000000 -0.686602 1.000000 1.000000 1.000000
4649.260742 0.000000 1456.331543 0.000000 0.961059 0.000000 -0.276344 0.000000 0.000000 0.000000
4649.385742 0.000000 1445.027466 0.000000 0.855253 0.000000 -0.518210 1.000000 1.000000 1.000000
4609.017578 0.000000 1438.802490 0.000000 0.552934 0.000000 -0.833225 1.000000 1.000000 1.000000
4634.074219 0.000000 1442.625854 0.000000 0.320729 0.000000 -0.947171 1.000000 1.000000 1.000000
4671.586426 0.000000 1465.543945 0.000000 0.343846 0.000000 -0.939026 1.000000 1.000000 1.000000
4673.451172 0.000000 1424.285034 0.000000 0.292581 0.000000 -0.956241 0.000000 0.000000 0.000000
4686.873047 0.000000 1420.156494 0.000000 0.457644 0.000000 -0.889136 1.000000 1.000000 1.000000
4844.062988 0.000000 1364.614136 0.000000 0.861046 0.000000 -0.508527 1.000000 1.000000 1.000000
4844.062988 0.000000 1421.098511 0.000000 0.099120 0.000000 -0.995075 1.000000 1.000000 1.000000
4640.032227 0.000000 1505.531616 0.000000 0.943771 0.000000 -0.330600 1.000000 1.000000 1.000000
4649.260742 0.000000 1512.815918 0.000000 0.888640 0.000000 -0.458606 1.000000 1.000000 1.000000
4669.292480 0.000000 1481.152710 0.000000 0.996988 0.000000 -0.077562 1.000000 1.000000 1.000000
4639.826172 0.000000 1476.716187 0.000000 0.442390 0.000000 -0.896823 1.000000 1.000000 1.000000
4652.062988 0.000000 1477.582886 0.000000 0.108549 0.000000 -0.994091 0.000000 0.000000 0.000000
4643.765137 0.000000 1494.441040 0.000000 0.999687 0.000000 -0.025003 0.000000 0.000000 0.000000
4631.491699 0.000000 1469.225220 0.000000 0.965826 0.000000 -0.259193 1.000000 1.000000 1.000000
4716.062988 0.000000 1477.582886 0.000000 0.669902 0.000000 -0.742450 0.000000 0.000000 0.000000
4722.789551 0.000000 1480.681030 0.000000 0.999800 0.000000 -0.019992 0.000000 0.000000 0.000000
4634.979980 0.000000 1566.910889 0.000000 0.630746 0.000000 -0.775989 0.000000 0.000000 0.000000
4622.873047 0.000000 1533.125244 0.000000 0.304971 0.000000 -0.952362 1.000000 1.000000 1.000000
4658.789551 0.000000 1537.165405 0.000000 0.925496 0.000000 -0.378757 1.000000 1.000000 1.000000
4643.765137 0.000000 1550.925415 0.000000 0.053713 0.000000 -0.998556 0.000000 0.000000 0.000000
4609.017578 0.000000 1551.771240 0.000000 0.963385 0.000000 -0.268121 0.000000 0.000000 0.000000
4692.968750 0.000000 1577.203247 0.000000 0.989175 0.000000 -0.146743 0.000000 0.000000 0.000000
4673.318848 0.000000 1563.966553 0.000000 0.649328 0.000000 -0.760508 0.000000 0.000000 0.000000
4710.230957 0.000000 1563.607178 0.000000 0.688167 0.000000 -0.725552 0.000000 0.000000 0.000000
4681.203613 0.000000 1560.778931 0.000000 0.983556 0.000000 -0.180605 0.000000 0.000000 0.000000
4678.215332 0.000000 1574.015747 0.000000 0.773972 0.000000 -0.633220 1.000000 1.000000 1.000000
4820.968750 0.000000 1520.718872 0.000000 0.999970 0.000000 -0.007781 0.000000 0.000000 0.000000
4777.563477 0.000000 1551.569092 0.000000 0.999395 0.000000 -0.034787 0.000000 0.000000 0.000000
4863.958008 0.000000 1545.977173 0.000000 0.655067 0.000000 -0.755571 0.000000 0.000000 0.000000
4902.893555 0.000000 1375.072388 0.000000 0.999835 0.000000 -0.018162 0.000000 0.000000 0.000000
4966.893555 0.000000 1375.072388 0.000000 0.397138 0.000000 -0.917759 0.000000 0.000000 0.000000
4935.979980 0.000000 1397.760254 0.000000 0.794084 0.000000 -0.607808 0.000000 0.000000 0.000000
5003.959473 0.000000 1460.600220 0.000000 0.849912 0.000000 -0.526924 0.000000 0.000000 0.000000
5010.127930 0.000000 1481.869751 0.000000 0.999937 0.000000 -0.011217 0.000000 0.000000 0.000000
5007.272949 0.000000 1490.512329 0.000000 0.816685 0.000000 -0.577084 0.000000 0.000000 0.000000
5027.765137 0.000000 1494.441040 0.000000 0.727362 0.000000 -0.686254 1.000000 1.000000 1.000000
4671.958008 0.000000 1602.461548 0.000000 0.712468 0.000000 -0.701704 0.000000 0.000000 0.000000
4669.248047 0.000000 1627.564575 0.000000 0.708261 0.000000 -0.705951 1.000000 1.000000 1.000000
4622.953125 0.000000 1635.534180 0.000000 0.922680 0.000000 -0.385566 1.000000 1.000000 1.000000
4658.584961 0.000000 1609.456787 0.000000 0.459273 0.000000 -0.888295 1.000000 1.000000 1.000000
4673.451172 0.000000 1593.738159 0.000000 0.134655 0.000000 -0.990892 0.000000 0.000000 0.000000
4730.807129 0.000000 1588.217041 0.000000 0.720637 0.000000 -0.693312 0.000000 0.000000 0.000000
4713.260742 0.000000 1625.784668 0.000000 0.706961 0.000000 -0.707253 0.000000 0.000000 0.000000
4697.621582 0.000000 1629.437378 0.000000 0.559787 0.000000 -0.828636 1.000000 1.000000 1.000000
4686.953125 0.000000 1635.534180 0.000000 0.848687 0.000000 -0.528895 1.000000 1.000000 1.000000
4608.254883 0.000000 1685.187744 0.000000 0.998119 0.000000 -0.061308 0.000000 0.000000 0.000000
4649.260742 0.000000 1682.269043 0.000000 0.992032 0.000000 -0.125983 0.000000 0.000000 0.000000
4622.873047 0.000000 1646.093994 0.000000 0.582710 0.000000 -0.812680 0.000000 0.000000 0.000000
4669.248047 0.000000 1684.048950 0.000000 0.973839 0.000000 -0.227238 1.000000 1.000000 1.000000
4663.107910 0.000000 1683.248169 0.000000 0.979732 0.000000 -0.200311 0.000000 0.000000 0.000000
4658.584961 0.000000 1665.941162 0.000000 0.331806 0.000000 -0.943348 0.000000 0.000000 0.000000
4695.890625 0.000000 1657.104614 0.000000 0.886746 0.000000 -0.462258 0.000000 0.000000 0.000000
4686.873047 0.000000 1646.093994 0.000000 0.705313 0.000000 -0.708896 1.000000 1.000000 1.000000
4686.953125 0.000000 1692.018555 0.000000 0.497893 0.000000 -0.867239 1.000000 1.000000 1.000000
4695.491699 0.000000 1638.678345 0.000000 0.996784 0.000000 -0.080130 1.000000 1.000000 1.000000
4785.272949 0.000000 1615.187378 0.000000 0.517298 0.000000 -0.855805 0.000000 0.000000 0.000000
4863.586426 0.000000 1634.997070 0.000000 0.985902 0.000000 -0.167322 1.000000 1.000000 1.000000
4748.978516 0.000000 1638.782837 0.000000 0.640597 0.000000 -0.767877 0.000000 0.000000 0.000000
4736.254883 0.000000 1685.187744 0.000000 0.799358 0.000000 -0.600855 0.000000 0.000000 0.000000
4762.074219 0.000000 1668.563354 0.000000 0.832184 0.000000 -0.554500 1.000000 1.000000 1.000000
4858.544434 0.000000 1678.469971 0.000000 0.889004 0.000000 -0.457900 0.000000 0.000000 0.000000
4854.816895 0.000000 1639.297607 0.000000 0.998055 0.000000 -0.062338 0.000000 0.000000 0.000000
4831.826172 0.000000 1646.169312 0.000000 0.274184 0.000000 -0.961677 1.000000 1.000000 1.000000
4844.062988 0.000000 1647.036011 0.000000 0.723613 0.000000 -0.690206 1.000000 1.000000 1.000000
4806.215332 0.000000 1686.984497 0.000000 0.316909 0.000000 -0.948456 1.000000 1.000000 1.000000
4620.978516 0.000000 1695.267212 0.000000 0.961682 0.000000 -0.274169 0.000000 0.000000 0.000000
4639.826172 0.000000 1702.653687 0.000000 0.096761 0.000000 -0.995308 0.000000 0.000000 0.000000
4652.062988 0.000000 1703.520386 0.000000 0.730358 0.000000 -0.683064 1.000000 1.000000 1.000000
4702.236816 0.000000 1747.061157 0.000000 0.499282 0.000000 -0.866439 0.000000 0.000000 0.000000
4695.890625 0.000000 1713.588989 0.000000 0.159244 0.000000 -0.987239 0.000000 0.000000 0.000000
4704.032227 0.000000 1731.469116 0.000000 0.113499 0.000000 -0.993538 1.000000 1.000000 1.000000
4707.765137 0.000000 1720.378540 0.000000 0.585318 0.000000 -0.810804 0.000000 0.000000 0.000000
4631.491699 0.000000 1751.647095 0.000000 0.057560 0.000000 -0.998342 1.000000 1.000000 1.000000
4756.089355 0.000000 1739.348145 0.000000 0.872647 0.000000 -0.488352 0.000000 0.000000 0.000000
4750.953125 0.000000 1748.502930 0.000000 0.601164 0.000000 -0.799126 1.000000 1.000000 1.000000
4841.260742 0.000000 1738.753418 0.000000 0.838638 0.000000 -0.544689 1.000000 1.000000 1.000000
4814.873047 0.000000 1702.578369 0.000000 0.977190 0.000000 -0.212365 1.000000 1.000000 1.000000
4861.292480 0.000000 1707.090210 0.000000 0.717225 0.000000 -0.696842 0.000000 0.000000 0.000000
4835.765137 0.000000 1720.378540 0.000000 0.495304 0.000000 -0.868720 1.000000 1.000000 1.000000
4850.584961 0.000000 1722.425537 0.000000 0.655005 0.000000 -0.755625 0.000000 0.000000 0.000000
4821.705078 0.000000 1777.883301 0.000000 0.817128 0.000000 -0.576456 0.000000 0.000000 0.000000
4812.978516 0.000000 1751.751587 0.000000 0.318086 0.000000 -0.948062 0.000000 0.000000 0.000000
4830.530273 0.000000 1774.475708 0.000000 0.431801 0.000000 -0.901969 0.000000 0.000000 0.000000
4823.491699 0.000000 1751.647095 0.000000 0.939081 0.000000 -0.343695 1.000000 1.000000 1.000000
4913.272949 0.000000 1615.187378 0.000000 0.990050 0.000000 -0.140715 0.000000 0.000000 0.000000
4912.541992 0.000000 1604.147705 0.000000 0.263846 0.000000 -0.964565 0.000000 0.000000 0.000000
4884.968750 0.000000 1690.171997 0.000000 0.464103 0.000000 -0.885781 0.000000 0.000000 0.000000
4864.098633 0.000000 1701.480225 0.000000 0.913549 0.000000 -0.406729 1.000000 1.000000 1.000000
4932.458496 0.000000 1748.997192 0.000000 0.969028 0.000000 -0.246952 0.000000 0.000000 0.000000
4909.516602 0.000000 1765.748901 0.000000 0.876698 0.000000 -0.481042 0.000000 0.000000 0.000000
4929.451172 0.000000 1763.191284 0.000000 0.334791 0.000000 -0.942292 0.000000 0.000000 0.000000
5178.544434 0.000000 1000.657471 0.000000 0.948314 0.000000 -0.317334 0.000000 0.000000 0.000000
5161.385742 0.000000 993.152527 0.000000 0.711986 0.000000 -0.702193 1.000000 1.000000 1.000000
5167.722656 0.000000 1061.038452 0.000000 0.701694 0.000000 -0.712479 0.000000 0.000000 0.000000
5157.432617 0.000000 1027.745850 0.000000 0.660513 0.000000 -0.750814 0.000000 0.000000 0.000000
5151.826172 0.000000 1081.325562 0.000000 0.402514 0.000000 -0.915414 1.000000 1.000000 1.000000
5207.890625 0.000000 1148.745239 0.000000 0.084180 0.000000 -0.996451 0.000000 0.000000 0.000000
5196.978516 0.000000 1186.907837 0.000000 0.191458 0.000000 -0.981501 0.000000 0.000000 0.000000
4111.272949 0.000000 1829.418579 0.000000 0.746669 0.000000 -0.665196 0.000000 0.000000 0.000000
4393.563477 0.000000 1833.990967 0.000000 0.308782 0.000000 -0.951133 0.000000 0.000000 0.000000
"}
