object={
	name="asian_dynamic_forestry_objects_generator_1_0"
	clamp_to_water_level=no
	render_under_water=no
	generated_content=yes
	layer="forestry_dynamic"
	pdxmesh="asian_forestry_camp_01_mesh"
	count=325
	transform="6957.516602 0.000000 1313.873901 0.000000 0.362737 0.000000 0.931892 0.000000 0.000000 0.000000
6392.065918 0.000000 1493.956299 0.000000 0.539403 0.000000 0.842048 0.000000 0.000000 0.000000
6511.722656 0.000000 1456.429077 0.000000 0.346535 0.000000 0.938037 0.000000 0.000000 0.000000
6487.491699 0.000000 1412.740845 0.000000 0.702043 0.000000 0.712134 1.000000 1.000000 1.000000
6612.968750 0.000000 1464.234497 0.000000 0.192903 0.000000 0.981218 0.000000 0.000000 0.000000
6441.563477 0.000000 1495.084717 0.000000 0.095109 0.000000 0.995467 0.000000 0.000000 0.000000
6615.890625 0.000000 1487.651489 0.000000 0.606850 0.000000 0.794817 0.000000 0.000000 0.000000
6623.826172 0.000000 1476.716187 0.000000 0.900435 0.000000 0.434991 1.000000 1.000000 1.000000
6437.432617 0.000000 1592.589600 0.000000 0.613070 0.000000 0.790029 0.000000 0.000000 0.000000
6456.065918 0.000000 1776.378174 0.000000 0.112230 0.000000 0.993682 0.000000 0.000000 0.000000
6452.365234 0.000000 1790.281860 0.000000 0.995421 0.000000 0.095588 0.000000 0.000000 0.000000
6461.658691 0.000000 1786.331421 0.000000 0.800008 0.000000 0.599989 1.000000 1.000000 1.000000
6471.671387 0.000000 1775.872192 0.000000 0.912614 0.000000 0.408822 0.000000 0.000000 0.000000
6494.236816 0.000000 1803.545532 0.000000 0.263305 0.000000 0.964713 0.000000 0.000000 0.000000
6527.586426 0.000000 1804.450195 0.000000 0.471686 0.000000 0.881767 1.000000 1.000000 1.000000
6532.032715 0.000000 1782.627197 0.000000 0.572848 0.000000 0.819662 0.000000 0.000000 0.000000
6542.953125 0.000000 1804.987305 0.000000 0.768509 0.000000 0.639839 0.000000 0.000000 0.000000
6721.017578 0.000000 1438.802490 0.000000 0.199404 0.000000 0.979917 1.000000 1.000000 1.000000
6717.292480 0.000000 1481.152710 0.000000 0.883212 0.000000 0.468974 0.000000 0.000000 0.000000
6852.458496 0.000000 1523.059692 0.000000 0.775574 0.000000 0.631257 0.000000 0.000000 0.000000
6868.569336 0.000000 1473.980225 0.000000 0.680701 0.000000 0.732561 0.000000 0.000000 0.000000
6765.516602 0.000000 1652.780151 0.000000 0.085938 0.000000 0.996301 0.000000 0.000000 0.000000
7270.230957 0.000000 1337.669678 0.000000 0.494336 0.000000 0.869271 0.000000 0.000000 0.000000
7283.456055 0.000000 1349.428833 0.000000 0.374573 0.000000 0.927197 0.000000 0.000000 0.000000
7297.318848 0.000000 1338.029053 0.000000 0.967517 0.000000 0.252806 0.000000 0.000000 0.000000
7334.230957 0.000000 1337.669678 0.000000 0.003368 0.000000 0.999994 0.000000 0.000000 0.000000
7337.260742 0.000000 1343.362793 0.000000 0.895333 0.000000 0.445398 0.000000 0.000000 0.000000
7380.968750 0.000000 1351.265747 0.000000 0.926948 0.000000 0.375190 0.000000 0.000000 0.000000
7288.550781 0.000000 1388.484131 0.000000 0.988244 0.000000 0.152886 0.000000 0.000000 0.000000
7293.292480 0.000000 1368.183960 0.000000 0.331000 0.000000 0.943631 1.000000 1.000000 1.000000
7282.584961 0.000000 1383.519287 0.000000 0.464292 0.000000 0.885682 0.000000 0.000000 0.000000
7180.978516 0.000000 1412.845337 0.000000 0.420748 0.000000 0.907178 0.000000 0.000000 0.000000
7253.705078 0.000000 1438.977051 0.000000 0.971466 0.000000 0.237180 0.000000 0.000000 0.000000
7310.873047 0.000000 1363.672119 0.000000 0.862455 0.000000 0.506133 1.000000 1.000000 1.000000
7319.491699 0.000000 1356.256470 0.000000 0.113601 0.000000 0.993526 1.000000 1.000000 1.000000
7364.458496 0.000000 1410.090942 0.000000 0.999942 0.000000 0.010807 0.000000 0.000000 0.000000
7360.098633 0.000000 1362.573975 0.000000 0.642190 0.000000 0.766545 1.000000 1.000000 1.000000
7308.978516 0.000000 1412.845337 0.000000 0.421315 0.000000 0.906914 0.000000 0.000000 0.000000
7310.873047 0.000000 1420.156494 0.000000 0.904797 0.000000 0.425844 1.000000 1.000000 1.000000
7509.705078 0.000000 1382.492676 0.000000 0.801051 0.000000 0.598595 0.000000 0.000000 0.000000
5869.516602 0.000000 2217.624023 0.000000 0.082477 0.000000 0.996593 0.000000 0.000000 0.000000
6128.205566 0.000000 2146.380615 0.000000 0.776457 0.000000 0.630170 0.000000 0.000000 0.000000
6087.979980 0.000000 2132.057129 0.000000 0.872522 0.000000 0.488575 0.000000 0.000000 0.000000
6100.968750 0.000000 2255.015625 0.000000 0.132858 0.000000 0.991135 0.000000 0.000000 0.000000
5807.722656 0.000000 2303.694580 0.000000 0.998461 0.000000 0.055461 0.000000 0.000000 0.000000
5825.318848 0.000000 2354.747803 0.000000 0.251628 0.000000 0.967824 0.000000 0.000000 0.000000
5865.563477 0.000000 2398.834717 0.000000 0.994246 0.000000 0.107122 0.000000 0.000000 0.000000
5856.032227 0.000000 2409.281738 0.000000 0.748206 0.000000 0.663467 1.000000 1.000000 1.000000
5865.385742 0.000000 2405.261963 0.000000 0.085148 0.000000 0.996368 1.000000 1.000000 1.000000
5826.500488 0.000000 2448.572266 0.000000 0.969947 0.000000 0.243316 0.000000 0.000000 0.000000
5953.017578 0.000000 2399.036865 0.000000 0.839993 0.000000 0.542597 1.000000 1.000000 1.000000
5902.873047 0.000000 2493.359619 0.000000 0.125765 0.000000 0.992060 1.000000 1.000000 1.000000
6004.365234 0.000000 2524.578857 0.000000 0.889994 0.000000 0.455972 1.000000 1.000000 1.000000
6037.705078 0.000000 2512.180176 0.000000 0.875133 0.000000 0.483882 0.000000 0.000000 0.000000
6070.816895 0.000000 2486.563232 0.000000 0.938522 0.000000 0.345219 0.000000 0.000000 0.000000
6373.982422 0.000000 1857.761841 0.000000 0.999663 0.000000 0.025971 0.000000 0.000000 0.000000
6336.254883 0.000000 1854.640869 0.000000 0.195435 0.000000 0.980717 0.000000 0.000000 0.000000
6366.236816 0.000000 1860.029907 0.000000 0.687381 0.000000 0.726297 0.000000 0.000000 0.000000
6276.458496 0.000000 1918.450317 0.000000 0.238181 0.000000 0.971221 0.000000 0.000000 0.000000
6397.292480 0.000000 1876.543335 0.000000 0.326520 0.000000 0.945190 1.000000 1.000000 1.000000
6391.107910 0.000000 1909.185669 0.000000 0.375383 0.000000 0.926870 1.000000 1.000000 1.000000
6350.953125 0.000000 1917.956055 0.000000 0.631203 0.000000 0.775617 1.000000 1.000000 1.000000
6228.968750 0.000000 1972.593872 0.000000 0.681727 0.000000 0.731606 0.000000 0.000000 0.000000
6256.205566 0.000000 2033.411865 0.000000 0.928369 0.000000 0.371659 0.000000 0.000000 0.000000
6266.368164 0.000000 2028.879028 0.000000 0.941030 0.000000 0.338323 0.000000 0.000000 0.000000
6322.789551 0.000000 1932.556030 0.000000 0.883623 0.000000 0.468199 1.000000 1.000000 1.000000
6371.765137 0.000000 1946.316040 0.000000 0.765637 0.000000 0.643273 1.000000 1.000000 1.000000
6276.032715 0.000000 2008.564697 0.000000 0.998070 0.000000 0.062104 0.000000 0.000000 0.000000
6316.662598 0.000000 2027.533325 0.000000 0.523370 0.000000 0.852105 0.000000 0.000000 0.000000
6313.260742 0.000000 2021.175293 0.000000 0.343017 0.000000 0.939329 1.000000 1.000000 1.000000
6286.873047 0.000000 1985.000244 0.000000 0.604814 0.000000 0.796367 0.000000 0.000000 0.000000
6273.017578 0.000000 2003.646240 0.000000 0.793311 0.000000 0.608816 1.000000 1.000000 1.000000
6441.260742 0.000000 1851.722168 0.000000 0.378347 0.000000 0.925664 0.000000 0.000000 0.000000
6452.365234 0.000000 1846.766235 0.000000 0.509067 0.000000 0.860727 0.000000 0.000000 0.000000
6435.765137 0.000000 1833.347290 0.000000 0.975576 0.000000 0.219663 1.000000 1.000000 1.000000
6426.074219 0.000000 1838.016479 0.000000 0.537484 0.000000 0.843274 1.000000 1.000000 1.000000
6465.451172 0.000000 1819.675659 0.000000 0.881846 0.000000 0.471538 0.000000 0.000000 0.000000
6468.458496 0.000000 1861.965942 0.000000 0.995176 0.000000 0.098103 0.000000 0.000000 0.000000
6478.007324 0.000000 1838.390259 0.000000 0.919337 0.000000 0.393471 0.000000 0.000000 0.000000
6499.765137 0.000000 1833.347290 0.000000 0.430172 0.000000 0.902747 1.000000 1.000000 1.000000
6415.272949 0.000000 1885.902954 0.000000 0.940908 0.000000 0.338661 0.000000 0.000000 0.000000
6454.816895 0.000000 1865.235107 0.000000 0.522662 0.000000 0.852540 1.000000 1.000000 1.000000
6426.074219 0.000000 1894.500854 0.000000 0.998117 0.000000 0.061339 1.000000 1.000000 1.000000
6450.584961 0.000000 1891.878662 0.000000 0.997606 0.000000 0.069154 1.000000 1.000000 1.000000
6511.722656 0.000000 1908.304077 0.000000 0.941837 0.000000 0.336070 0.000000 0.000000 0.000000
6497.210449 0.000000 1908.857666 0.000000 0.999397 0.000000 0.034716 0.000000 0.000000 0.000000
6495.826172 0.000000 1872.106812 0.000000 0.988903 0.000000 0.148560 0.000000 0.000000 0.000000
6464.098633 0.000000 1870.933350 0.000000 0.997127 0.000000 0.075748 1.000000 1.000000 1.000000
6465.451172 0.000000 1932.644409 0.000000 0.376940 0.000000 0.926238 0.000000 0.000000 0.000000
6445.516602 0.000000 1991.686401 0.000000 0.229969 0.000000 0.973198 0.000000 0.000000 0.000000
6409.400879 0.000000 1993.072266 0.000000 0.203883 0.000000 0.978995 1.000000 1.000000 1.000000
6431.826172 0.000000 1985.075562 0.000000 0.864835 0.000000 0.502055 1.000000 1.000000 1.000000
6461.658691 0.000000 2012.268921 0.000000 0.130890 0.000000 0.991397 1.000000 1.000000 1.000000
6468.458496 0.000000 2031.419067 0.000000 0.979516 0.000000 0.201366 0.000000 0.000000 0.000000
6496.032227 0.000000 2013.890991 0.000000 0.977304 0.000000 0.211842 1.000000 1.000000 1.000000
6271.958008 0.000000 2054.336426 0.000000 0.375182 0.000000 0.926951 0.000000 0.000000 0.000000
6228.968750 0.000000 2142.046875 0.000000 0.367646 0.000000 0.929966 0.000000 0.000000 0.000000
6246.230957 0.000000 2128.450928 0.000000 0.911078 0.000000 0.412234 0.000000 0.000000 0.000000
6293.705078 0.000000 2060.305176 0.000000 0.627251 0.000000 0.778817 0.000000 0.000000 0.000000
6287.130859 0.000000 2072.809326 0.000000 0.601804 0.000000 0.798644 0.000000 0.000000 0.000000
6313.260742 0.000000 2077.659668 0.000000 0.768807 0.000000 0.639481 1.000000 1.000000 1.000000
6316.062988 0.000000 2042.426636 0.000000 0.619041 0.000000 0.785359 0.000000 0.000000 0.000000
6278.215332 0.000000 2082.375244 0.000000 0.795357 0.000000 0.606141 1.000000 1.000000 1.000000
6377.563477 0.000000 2059.928467 0.000000 0.959316 0.000000 0.282336 0.000000 0.000000 0.000000
6189.516602 0.000000 2161.139648 0.000000 0.983768 0.000000 0.179446 0.000000 0.000000 0.000000
6253.516602 0.000000 2161.139648 0.000000 0.515179 0.000000 0.857082 0.000000 0.000000 0.000000
6266.807129 0.000000 2153.060791 0.000000 0.385049 0.000000 0.922896 0.000000 0.000000 0.000000
6217.400879 0.000000 2162.525391 0.000000 0.509968 0.000000 0.860193 0.000000 0.000000 0.000000
6202.544434 0.000000 2243.313721 0.000000 0.993999 0.000000 0.109391 0.000000 0.000000 0.000000
6253.516602 0.000000 2217.624023 0.000000 0.585765 0.000000 0.810481 0.000000 0.000000 0.000000
6426.074219 0.000000 2063.953857 0.000000 0.851416 0.000000 0.524491 1.000000 1.000000 1.000000
6514.584961 0.000000 2061.331787 0.000000 0.985236 0.000000 0.171204 0.000000 0.000000 0.000000
6440.832520 0.000000 2093.423096 0.000000 0.938897 0.000000 0.344199 0.000000 0.000000 0.000000
6415.272949 0.000000 2111.840332 0.000000 0.999897 0.000000 0.014351 0.000000 0.000000 0.000000
6454.816895 0.000000 2091.172607 0.000000 0.414378 0.000000 0.910105 1.000000 1.000000 1.000000
6479.130859 0.000000 2129.293701 0.000000 0.298886 0.000000 0.954289 0.000000 0.000000 0.000000
6490.979980 0.000000 2131.754639 0.000000 0.477703 0.000000 0.878521 0.000000 0.000000 0.000000
6502.893555 0.000000 2109.369141 0.000000 0.981489 0.000000 0.191521 0.000000 0.000000 0.000000
6633.385742 0.000000 2066.355713 0.000000 0.869141 0.000000 0.494564 0.000000 0.000000 0.000000
6548.089355 0.000000 2134.738770 0.000000 0.899681 0.000000 0.436547 0.000000 0.000000 0.000000
6641.519043 0.000000 2096.251465 0.000000 0.788948 0.000000 0.614460 0.000000 0.000000 0.000000
6633.385742 0.000000 2122.840088 0.000000 0.910479 0.000000 0.413555 0.000000 0.000000 0.000000
6465.451172 0.000000 2158.581787 0.000000 0.040277 0.000000 0.999189 0.000000 0.000000 0.000000
6501.982422 0.000000 2196.667969 0.000000 0.997639 0.000000 0.068671 0.000000 0.000000 0.000000
6487.890625 0.000000 2165.463867 0.000000 0.717122 0.000000 0.696947 0.000000 0.000000 0.000000
6478.953125 0.000000 2200.377930 0.000000 0.097720 0.000000 0.995214 1.000000 1.000000 1.000000
6456.065918 0.000000 2228.253174 0.000000 0.897757 0.000000 0.440490 0.000000 0.000000 0.000000
6452.365234 0.000000 2242.156982 0.000000 0.787219 0.000000 0.616674 0.000000 0.000000 0.000000
6485.705078 0.000000 2229.758301 0.000000 0.999161 0.000000 0.040956 0.000000 0.000000 0.000000
6478.953125 0.000000 2256.862305 0.000000 0.712427 0.000000 0.701746 1.000000 1.000000 1.000000
6527.586426 0.000000 2256.325195 0.000000 0.999789 0.000000 0.020558 0.000000 0.000000 0.000000
6529.318848 0.000000 2185.294678 0.000000 0.927971 0.000000 0.372654 0.000000 0.000000 0.000000
6637.516602 0.000000 2161.139648 0.000000 0.503779 0.000000 0.863833 0.000000 0.000000 0.000000
6625.210449 0.000000 2191.279541 0.000000 0.923400 0.000000 0.383839 0.000000 0.000000 0.000000
6650.544434 0.000000 2243.313721 0.000000 0.782217 0.000000 0.623006 0.000000 0.000000 0.000000
6640.205566 0.000000 2259.349365 0.000000 0.414790 0.000000 0.909917 0.000000 0.000000 0.000000
6647.107910 0.000000 2248.092041 0.000000 0.458618 0.000000 0.888633 1.000000 1.000000 1.000000
6832.205566 0.000000 1863.958740 0.000000 0.965435 0.000000 0.260644 0.000000 0.000000 0.000000
6717.248047 0.000000 2079.439453 0.000000 0.990589 0.000000 0.136867 0.000000 0.000000 0.000000
6700.062988 0.000000 2098.910889 0.000000 0.323714 0.000000 0.946155 0.000000 0.000000 0.000000
6857.400879 0.000000 2049.556641 0.000000 0.554192 0.000000 0.832389 0.000000 0.000000 0.000000
6694.230957 0.000000 2184.935303 0.000000 0.779357 0.000000 0.626580 0.000000 0.000000 0.000000
6687.826172 0.000000 2154.528564 0.000000 0.832402 0.000000 0.554172 1.000000 1.000000 1.000000
6714.544434 0.000000 2243.313721 0.000000 0.139050 0.000000 0.990285 0.000000 0.000000 0.000000
6783.586426 0.000000 2256.325195 0.000000 0.162212 0.000000 0.986756 1.000000 1.000000 1.000000
6814.530273 0.000000 2169.866211 0.000000 0.702662 0.000000 0.711523 0.000000 0.000000 0.000000
6785.017578 0.000000 2173.099365 0.000000 0.576791 0.000000 0.816892 1.000000 1.000000 1.000000
6829.516602 0.000000 2217.624023 0.000000 0.679919 0.000000 0.733287 0.000000 0.000000 0.000000
6845.248047 0.000000 2248.892578 0.000000 0.551713 0.000000 0.834034 0.000000 0.000000 0.000000
6145.318848 0.000000 2354.747803 0.000000 0.987604 0.000000 0.156968 0.000000 0.000000 0.000000
6159.130859 0.000000 2355.231201 0.000000 0.105058 0.000000 0.994466 0.000000 0.000000 0.000000
6209.451172 0.000000 2328.034912 0.000000 0.461571 0.000000 0.887103 0.000000 0.000000 0.000000
6239.453613 0.000000 2332.589600 0.000000 0.835114 0.000000 0.550077 0.000000 0.000000 0.000000
6239.826172 0.000000 2323.981689 0.000000 0.974710 0.000000 0.223471 0.000000 0.000000 0.000000
6397.292480 0.000000 2271.934082 0.000000 0.871146 0.000000 0.491024 0.000000 0.000000 0.000000
6338.500488 0.000000 2335.603516 0.000000 0.929866 0.000000 0.367899 0.000000 0.000000 0.000000
6476.978516 0.000000 2260.111084 0.000000 0.913312 0.000000 0.407261 0.000000 0.000000 0.000000
6478.873047 0.000000 2267.422119 0.000000 0.296383 0.000000 0.955069 0.000000 0.000000 0.000000
6461.248047 0.000000 2361.861328 0.000000 0.116905 0.000000 0.993143 1.000000 1.000000 1.000000
6484.089355 0.000000 2360.676270 0.000000 0.870847 0.000000 0.491554 0.000000 0.000000 0.000000
6559.826172 0.000000 2267.497314 0.000000 0.999146 0.000000 0.041317 1.000000 1.000000 1.000000
6594.396484 0.000000 2261.237061 0.000000 0.096507 0.000000 0.995332 0.000000 0.000000 0.000000
6577.272949 0.000000 2349.484375 0.000000 0.798755 0.000000 0.601656 0.000000 0.000000 0.000000
6580.365234 0.000000 2355.125732 0.000000 0.124598 0.000000 0.992207 0.000000 0.000000 0.000000
6598.215332 0.000000 2364.797119 0.000000 0.103743 0.000000 0.994604 1.000000 1.000000 1.000000
6534.215332 0.000000 2421.281494 0.000000 0.092941 0.000000 0.995672 1.000000 1.000000 1.000000
6586.807129 0.000000 2435.482666 0.000000 0.973768 0.000000 0.227543 0.000000 0.000000 0.000000
6612.089355 0.000000 2473.645020 0.000000 0.932668 0.000000 0.360737 0.000000 0.000000 0.000000
6518.816895 0.000000 2486.563232 0.000000 0.602903 0.000000 0.797814 1.000000 1.000000 1.000000
6593.451172 0.000000 2497.488037 0.000000 0.827799 0.000000 0.561025 0.000000 0.000000 0.000000
6618.979980 0.000000 2527.145264 0.000000 0.766799 0.000000 0.641887 0.000000 0.000000 0.000000
6633.260742 0.000000 2586.019043 0.000000 0.295017 0.000000 0.955492 1.000000 1.000000 1.000000
6406.215332 0.000000 2703.703369 0.000000 0.665387 0.000000 0.746499 1.000000 1.000000 1.000000
6520.065918 0.000000 2680.128174 0.000000 0.959772 0.000000 0.280781 0.000000 0.000000 0.000000
6495.758301 0.000000 2684.925293 0.000000 0.711800 0.000000 0.702383 0.000000 0.000000 0.000000
6494.236816 0.000000 2707.295410 0.000000 0.686177 0.000000 0.727435 0.000000 0.000000 0.000000
6543.130859 0.000000 2694.137451 0.000000 0.718432 0.000000 0.695597 0.000000 0.000000 0.000000
6613.705078 0.000000 2681.633301 0.000000 0.433155 0.000000 0.901319 0.000000 0.000000 0.000000
6714.544434 0.000000 2299.798096 0.000000 0.887879 0.000000 0.460078 0.000000 0.000000 0.000000
6676.089355 0.000000 2304.191895 0.000000 0.994586 0.000000 0.103921 0.000000 0.000000 0.000000
6687.826172 0.000000 2267.497314 0.000000 0.998599 0.000000 0.052913 0.000000 0.000000 0.000000
6679.491699 0.000000 2260.006592 0.000000 0.470885 0.000000 0.882195 1.000000 1.000000 1.000000
6721.318848 0.000000 2298.263428 0.000000 0.185783 0.000000 0.982591 0.000000 0.000000 0.000000
6758.230957 0.000000 2297.904053 0.000000 0.936096 0.000000 0.351744 0.000000 0.000000 0.000000
6783.958008 0.000000 2280.273926 0.000000 0.396004 0.000000 0.918249 0.000000 0.000000 0.000000
6684.793945 0.000000 2318.701172 0.000000 0.703733 0.000000 0.710464 0.000000 0.000000 0.000000
6693.982422 0.000000 2366.121094 0.000000 0.251840 0.000000 0.967769 0.000000 0.000000 0.000000
6714.544434 0.000000 2412.766846 0.000000 0.443846 0.000000 0.896103 0.000000 0.000000 0.000000
6664.407715 0.000000 2380.156006 0.000000 0.880807 0.000000 0.473476 0.000000 0.000000 0.000000
6686.530273 0.000000 2395.803711 0.000000 0.622254 0.000000 0.782816 0.000000 0.000000 0.000000
6717.292480 0.000000 2384.902832 0.000000 0.866065 0.000000 0.499931 0.000000 0.000000 0.000000
6721.318848 0.000000 2411.232178 0.000000 0.359271 0.000000 0.933233 0.000000 0.000000 0.000000
6738.127930 0.000000 2385.619873 0.000000 0.943745 0.000000 0.330674 0.000000 0.000000 0.000000
6682.979980 0.000000 2470.660889 0.000000 0.994633 0.000000 0.103470 0.000000 0.000000 0.000000
6711.638184 0.000000 2444.571533 0.000000 0.906943 0.000000 0.421253 0.000000 0.000000 0.000000
6786.500488 0.000000 2392.087891 0.000000 0.330333 0.000000 0.943865 0.000000 0.000000 0.000000
7034.544434 0.000000 2356.282471 0.000000 0.125623 0.000000 0.992078 0.000000 0.000000 0.000000
6717.248047 0.000000 2531.314453 0.000000 0.791161 0.000000 0.611608 1.000000 1.000000 1.000000
6711.107910 0.000000 2530.513916 0.000000 0.239842 0.000000 0.970812 0.000000 0.000000 0.000000
6721.451172 0.000000 2497.488037 0.000000 0.387114 0.000000 0.922032 0.000000 0.000000 0.000000
6778.807129 0.000000 2491.967041 0.000000 0.591025 0.000000 0.806653 0.000000 0.000000 0.000000
6714.544434 0.000000 2582.219971 0.000000 0.989332 0.000000 0.145678 0.000000 0.000000 0.000000
6768.205566 0.000000 2598.255615 0.000000 0.734922 0.000000 0.678152 0.000000 0.000000 0.000000
6755.765137 0.000000 2567.644043 0.000000 0.951816 0.000000 0.306670 1.000000 1.000000 1.000000
6720.098633 0.000000 2548.745850 0.000000 0.732631 0.000000 0.680626 1.000000 1.000000 1.000000
6815.453613 0.000000 2502.042725 0.000000 0.801661 0.000000 0.597779 0.000000 0.000000 0.000000
6824.832520 0.000000 2488.813721 0.000000 0.989857 0.000000 0.142067 0.000000 0.000000 0.000000
6845.248047 0.000000 2531.314453 0.000000 0.843735 0.000000 0.536761 1.000000 1.000000 1.000000
6849.451172 0.000000 2497.488037 0.000000 0.280316 0.000000 0.959908 0.000000 0.000000 0.000000
6838.816895 0.000000 2543.047607 0.000000 0.930557 0.000000 0.366147 1.000000 1.000000 1.000000
6893.516602 0.000000 2556.530273 0.000000 0.404869 0.000000 0.914375 0.000000 0.000000 0.000000
6885.432617 0.000000 2552.823975 0.000000 0.839545 0.000000 0.543290 0.000000 0.000000 0.000000
6854.215332 0.000000 2590.734619 0.000000 0.461242 0.000000 0.887275 0.000000 0.000000 0.000000
6848.098633 0.000000 2548.745850 0.000000 0.650178 0.000000 0.759782 1.000000 1.000000 1.000000
6778.544434 0.000000 2638.704346 0.000000 0.755643 0.000000 0.654984 0.000000 0.000000 0.000000
6775.638184 0.000000 2670.509033 0.000000 0.774620 0.000000 0.632427 0.000000 0.000000 0.000000
6734.007324 0.000000 2685.655762 0.000000 0.478909 0.000000 0.877865 0.000000 0.000000 0.000000
6761.385742 0.000000 2687.683838 0.000000 0.433170 0.000000 0.901312 0.000000 0.000000 0.000000
6805.705078 0.000000 2625.148926 0.000000 0.177491 0.000000 0.984122 0.000000 0.000000 0.000000
6845.292480 0.000000 2610.840332 0.000000 0.999895 0.000000 0.014495 0.000000 0.000000 0.000000
6885.432617 0.000000 2609.308350 0.000000 0.827102 0.000000 0.562051 0.000000 0.000000 0.000000
6880.032227 0.000000 2635.219238 0.000000 0.998870 0.000000 0.047518 1.000000 1.000000 1.000000
6785.318848 0.000000 2693.654053 0.000000 0.947091 0.000000 0.320966 0.000000 0.000000 0.000000
6799.130859 0.000000 2694.137451 0.000000 0.667023 0.000000 0.745037 0.000000 0.000000 0.000000
6806.478027 0.000000 2689.658936 0.000000 0.788788 0.000000 0.614666 0.000000 0.000000 0.000000
6943.453613 0.000000 2502.042725 0.000000 0.106044 0.000000 0.994361 0.000000 0.000000 0.000000
6938.979980 0.000000 2527.145264 0.000000 0.178848 0.000000 0.983877 0.000000 0.000000 0.000000
7004.793945 0.000000 2488.154297 0.000000 0.892730 0.000000 0.450593 0.000000 0.000000 0.000000
6912.254883 0.000000 2588.937744 0.000000 0.727017 0.000000 0.686619 0.000000 0.000000 0.000000
6938.074219 0.000000 2572.313232 0.000000 0.276270 0.000000 0.961080 0.000000 0.000000 0.000000
7041.451172 0.000000 2553.972412 0.000000 0.595489 0.000000 0.803363 0.000000 0.000000 0.000000
7081.563477 0.000000 2568.287842 0.000000 0.999997 0.000000 0.002484 0.000000 0.000000 0.000000
7046.215332 0.000000 2590.734619 0.000000 0.295352 0.000000 0.955389 1.000000 1.000000 1.000000
6975.958008 0.000000 2619.180176 0.000000 0.645607 0.000000 0.763670 0.000000 0.000000 0.000000
6966.816895 0.000000 2599.531982 0.000000 0.817068 0.000000 0.576542 1.000000 1.000000 1.000000
6935.890625 0.000000 2673.823242 0.000000 0.236896 0.000000 0.971535 0.000000 0.000000 0.000000
7002.074219 0.000000 2685.281982 0.000000 0.627742 0.000000 0.778421 1.000000 1.000000 1.000000
7039.586426 0.000000 2708.200195 0.000000 0.991266 0.000000 0.131881 1.000000 1.000000 1.000000
7088.205566 0.000000 2654.739990 0.000000 0.993419 0.000000 0.114540 0.000000 0.000000 0.000000
7058.127930 0.000000 2611.557373 0.000000 0.629336 0.000000 0.777133 0.000000 0.000000 0.000000
7065.621582 0.000000 2646.156006 0.000000 0.992831 0.000000 0.119524 1.000000 1.000000 1.000000
7151.722656 0.000000 2642.600830 0.000000 0.245273 0.000000 0.969454 0.000000 0.000000 0.000000
7108.032715 0.000000 2629.892822 0.000000 0.376100 0.000000 0.926579 0.000000 0.000000 0.000000
7135.826172 0.000000 2606.403564 0.000000 0.882418 0.000000 0.470467 1.000000 1.000000 1.000000
7041.451172 0.000000 2666.941162 0.000000 0.729841 0.000000 0.683617 0.000000 0.000000 0.000000
7058.127930 0.000000 2668.041748 0.000000 0.972499 0.000000 0.232907 0.000000 0.000000 0.000000
7081.260742 0.000000 2698.987793 0.000000 0.399195 0.000000 0.916866 0.000000 0.000000 0.000000
7040.098633 0.000000 2661.714600 0.000000 0.442501 0.000000 0.896768 1.000000 1.000000 1.000000
7124.968750 0.000000 2706.890625 0.000000 0.600626 0.000000 0.799530 0.000000 0.000000 0.000000
7152.541992 0.000000 2677.350830 0.000000 0.527947 0.000000 0.849277 0.000000 0.000000 0.000000
7165.292480 0.000000 2667.324707 0.000000 0.003033 0.000000 0.999995 1.000000 1.000000 1.000000
7206.230957 0.000000 2354.388428 0.000000 0.986343 0.000000 0.164702 0.000000 0.000000 0.000000
7198.236816 0.000000 2368.389160 0.000000 0.587049 0.000000 0.809551 0.000000 0.000000 0.000000
7263.453613 0.000000 2389.073975 0.000000 0.766139 0.000000 0.642675 0.000000 0.000000 0.000000
7209.260742 0.000000 2698.987793 0.000000 0.373331 0.000000 0.927698 1.000000 1.000000 1.000000
7222.816895 0.000000 2656.016357 0.000000 0.104979 0.000000 0.994474 1.000000 1.000000 1.000000
7213.943359 0.000000 2657.120605 0.000000 0.171711 0.000000 0.985147 1.000000 1.000000 1.000000
6444.062988 0.000000 2720.239014 0.000000 0.948089 0.000000 0.318005 1.000000 1.000000 1.000000
6435.765137 0.000000 2737.097168 0.000000 0.947798 0.000000 0.318873 1.000000 1.000000 1.000000
6476.978516 0.000000 2711.986084 0.000000 0.653848 0.000000 0.756626 0.000000 0.000000 0.000000
6484.569336 0.000000 2716.636475 0.000000 0.977300 0.000000 0.211862 0.000000 0.000000 0.000000
6495.826172 0.000000 2719.372314 0.000000 0.625698 0.000000 0.780065 1.000000 1.000000 1.000000
6548.968750 0.000000 2819.859375 0.000000 0.778734 0.000000 0.627354 0.000000 0.000000 0.000000
6612.089355 0.000000 2869.035645 0.000000 0.916202 0.000000 0.400717 0.000000 0.000000 0.000000
6694.230957 0.000000 2749.779053 0.000000 0.792112 0.000000 0.610375 0.000000 0.000000 0.000000
6684.793945 0.000000 2770.576172 0.000000 0.933396 0.000000 0.358849 0.000000 0.000000 0.000000
6682.979980 0.000000 2809.567139 0.000000 0.976830 0.000000 0.214019 0.000000 0.000000 0.000000
6761.260742 0.000000 2811.956543 0.000000 0.362975 0.000000 0.931799 0.000000 0.000000 0.000000
6783.586426 0.000000 2821.168945 0.000000 0.999895 0.000000 0.014484 1.000000 1.000000 1.000000
6829.516602 0.000000 2725.983398 0.000000 0.922703 0.000000 0.385511 0.000000 0.000000 0.000000
6805.705078 0.000000 2738.117676 0.000000 0.783823 0.000000 0.620984 0.000000 0.000000 0.000000
6868.968750 0.000000 2763.375000 0.000000 0.790165 0.000000 0.612894 0.000000 0.000000 0.000000
6842.544434 0.000000 2808.157471 0.000000 0.181916 0.000000 0.983314 0.000000 0.000000 0.000000
6849.451172 0.000000 2779.909912 0.000000 0.306902 0.000000 0.951741 0.000000 0.000000 0.000000
6682.074219 0.000000 2854.735107 0.000000 0.955569 0.000000 0.294766 0.000000 0.000000 0.000000
6751.453613 0.000000 2840.948975 0.000000 0.861542 0.000000 0.507686 0.000000 0.000000 0.000000
6764.062988 0.000000 2833.207764 0.000000 0.974280 0.000000 0.225343 1.000000 1.000000 1.000000
6815.826172 0.000000 2832.341064 0.000000 0.357347 0.000000 0.933972 1.000000 1.000000 1.000000
6845.248047 0.000000 2870.220703 0.000000 0.515571 0.000000 0.856847 1.000000 1.000000 1.000000
6810.074219 0.000000 2854.735107 0.000000 0.517603 0.000000 0.855621 1.000000 1.000000 1.000000
6889.260742 0.000000 2868.440918 0.000000 0.733336 0.000000 0.679866 1.000000 1.000000 1.000000
6909.248047 0.000000 2870.220703 0.000000 0.597059 0.000000 0.802197 1.000000 1.000000 1.000000
6886.230957 0.000000 2919.232178 0.000000 0.968697 0.000000 0.248248 0.000000 0.000000 0.000000
6892.760254 0.000000 2919.208252 0.000000 0.767574 0.000000 0.640960 0.000000 0.000000 0.000000
6854.215332 0.000000 2929.640869 0.000000 0.987051 0.000000 0.160407 1.000000 1.000000 1.000000
6968.065918 0.000000 2736.612549 0.000000 0.927225 0.000000 0.374505 0.000000 0.000000 0.000000
6937.621582 0.000000 2759.124756 0.000000 0.291757 0.000000 0.956492 0.000000 0.000000 0.000000
7014.893555 0.000000 2730.697266 0.000000 0.325658 0.000000 0.945488 0.000000 0.000000 0.000000
7030.816895 0.000000 2712.500732 0.000000 0.948757 0.000000 0.316006 1.000000 1.000000 1.000000
6923.959473 0.000000 2816.225342 0.000000 0.848325 0.000000 0.529476 0.000000 0.000000 0.000000
6990.873047 0.000000 2775.781494 0.000000 0.194873 0.000000 0.980828 0.000000 0.000000 0.000000
7039.586426 0.000000 2821.168945 0.000000 0.155040 0.000000 0.987908 1.000000 1.000000 1.000000
7101.248047 0.000000 2757.251953 0.000000 0.645586 0.000000 0.763687 1.000000 1.000000 1.000000
7101.658691 0.000000 2746.565674 0.000000 0.098625 0.000000 0.995125 1.000000 1.000000 1.000000
7167.958008 0.000000 2732.148926 0.000000 0.368839 0.000000 0.929493 0.000000 0.000000 0.000000
6999.890625 0.000000 2843.276367 0.000000 0.741465 0.000000 0.670992 0.000000 0.000000 0.000000
6996.089355 0.000000 2869.035645 0.000000 0.182472 0.000000 0.983211 0.000000 0.000000 0.000000
7017.260742 0.000000 2868.440918 0.000000 0.224396 0.000000 0.974498 1.000000 1.000000 1.000000
6918.215332 0.000000 2929.640869 0.000000 0.989598 0.000000 0.143860 0.000000 0.000000 0.000000
7034.544434 0.000000 2921.126221 0.000000 0.504548 0.000000 0.863384 0.000000 0.000000 0.000000
7014.230957 0.000000 2919.232178 0.000000 0.070440 0.000000 0.997516 0.000000 0.000000 0.000000
7016.832520 0.000000 2884.204346 0.000000 0.569833 0.000000 0.821760 0.000000 0.000000 0.000000
7041.017578 0.000000 2850.911865 0.000000 0.744085 0.000000 0.668085 0.000000 0.000000 0.000000
7135.826172 0.000000 2832.341064 0.000000 0.662029 0.000000 0.749478 1.000000 1.000000 1.000000
7075.765137 0.000000 2906.550293 0.000000 0.300474 0.000000 0.953790 1.000000 1.000000 1.000000
7124.569336 0.000000 2886.089600 0.000000 0.945025 0.000000 0.326999 0.000000 0.000000 0.000000
7118.873047 0.000000 2888.750244 0.000000 0.999428 0.000000 0.033832 1.000000 1.000000 1.000000
6740.968750 0.000000 2989.312500 0.000000 0.778598 0.000000 0.627523 0.000000 0.000000 0.000000
6746.122559 0.000000 2947.995850 0.000000 0.999816 0.000000 0.019193 0.000000 0.000000 0.000000
6938.979980 0.000000 2979.020264 0.000000 0.323343 0.000000 0.946282 0.000000 0.000000 0.000000
6919.979980 0.000000 2979.322754 0.000000 0.085563 0.000000 0.996333 0.000000 0.000000 0.000000
6999.890625 0.000000 2956.245117 0.000000 0.969754 0.000000 0.244083 0.000000 0.000000 0.000000
7085.516602 0.000000 2951.920898 0.000000 0.978290 0.000000 0.207239 0.000000 0.000000 0.000000
7188.968750 0.000000 2763.375000 0.000000 0.997059 0.000000 0.076643 0.000000 0.000000 0.000000
7273.260742 0.000000 2755.472168 0.000000 0.992800 0.000000 0.119782 1.000000 1.000000 1.000000
7267.765137 0.000000 2737.097168 0.000000 0.954347 0.000000 0.298699 0.000000 0.000000 0.000000
7218.584961 0.000000 2795.628662 0.000000 0.635996 0.000000 0.771692 1.000000 1.000000 1.000000
7231.586426 0.000000 2821.168945 0.000000 0.471658 0.000000 0.881782 1.000000 1.000000 1.000000
7277.516602 0.000000 2782.467773 0.000000 0.988482 0.000000 0.151342 0.000000 0.000000 0.000000
7240.407715 0.000000 2775.546631 0.000000 0.999994 0.000000 0.003555 0.000000 0.000000 0.000000
7280.541992 0.000000 2790.319580 0.000000 0.155313 0.000000 0.987865 0.000000 0.000000 0.000000
7189.705078 0.000000 2851.086426 0.000000 0.677381 0.000000 0.735632 0.000000 0.000000 0.000000
7226.368164 0.000000 2876.144775 0.000000 0.865910 0.000000 0.500199 0.000000 0.000000 0.000000
7222.816895 0.000000 2825.469482 0.000000 0.614429 0.000000 0.788972 1.000000 1.000000 1.000000
7233.451172 0.000000 2836.394287 0.000000 0.819612 0.000000 0.572919 0.000000 0.000000 0.000000
"}
object={
	name="asian_dynamic_forestry_objects_generator_1_1"
	clamp_to_water_level=no
	render_under_water=no
	generated_content=yes
	layer="forestry_dynamic"
	pdxmesh="asian_forestry_camp_02_mesh"
	count=318
	transform="6676.968750 0.000000 1351.265747 0.000000 0.940733 0.000000 -0.339147 0.000000 0.000000 0.000000
6374.230957 0.000000 1507.122803 0.000000 0.956651 0.000000 -0.291236 0.000000 0.000000 0.000000
6381.516602 0.000000 1539.811401 0.000000 0.843771 0.000000 -0.536704 0.000000 0.000000 0.000000
6519.638184 0.000000 1371.368408 0.000000 0.963255 0.000000 -0.268590 1.000000 1.000000 1.000000
6497.210449 0.000000 1400.498291 0.000000 0.952024 0.000000 -0.306024 0.000000 0.000000 0.000000
6420.968750 0.000000 1464.234497 0.000000 0.858967 0.000000 -0.512031 0.000000 0.000000 0.000000
6455.107910 0.000000 1457.310669 0.000000 0.469825 0.000000 -0.882759 0.000000 0.000000 0.000000
6435.765137 0.000000 1494.441040 0.000000 0.368777 0.000000 -0.929518 1.000000 1.000000 1.000000
6591.958008 0.000000 1545.977173 0.000000 0.986440 0.000000 -0.164121 0.000000 0.000000 0.000000
6356.968750 0.000000 1690.171997 0.000000 0.807612 0.000000 -0.589714 0.000000 0.000000 0.000000
6357.705078 0.000000 1721.398926 0.000000 0.801394 0.000000 -0.598137 0.000000 0.000000 0.000000
6502.230957 0.000000 1733.060303 0.000000 0.976099 0.000000 -0.217327 0.000000 0.000000 0.000000
6420.968750 0.000000 1803.140747 0.000000 0.544879 0.000000 -0.838515 0.000000 0.000000 0.000000
6509.516602 0.000000 1765.748901 0.000000 0.792037 0.000000 -0.610473 0.000000 0.000000 0.000000
6490.979980 0.000000 1792.848389 0.000000 0.882646 0.000000 -0.470039 0.000000 0.000000 0.000000
6527.958008 0.000000 1771.914673 0.000000 0.337671 0.000000 -0.941264 0.000000 0.000000 0.000000
6514.584961 0.000000 1778.909912 0.000000 0.226368 0.000000 -0.974042 1.000000 1.000000 1.000000
6529.451172 0.000000 1763.191284 0.000000 0.140963 0.000000 -0.990015 0.000000 0.000000 0.000000
6528.254883 0.000000 1798.156494 0.000000 0.844629 0.000000 -0.535352 0.000000 0.000000 0.000000
6553.621582 0.000000 1798.890503 0.000000 0.483042 0.000000 -0.875597 1.000000 1.000000 1.000000
6719.487305 0.000000 1442.337036 0.000000 0.968444 0.000000 -0.249230 0.000000 0.000000 0.000000
6697.260742 0.000000 1456.331543 0.000000 0.008267 0.000000 -0.999966 0.000000 0.000000 0.000000
6829.516602 0.000000 1426.842651 0.000000 0.387536 0.000000 -0.921855 0.000000 0.000000 0.000000
6857.400879 0.000000 1428.228516 0.000000 0.567181 0.000000 -0.823593 0.000000 0.000000 0.000000
6687.453613 0.000000 1485.323853 0.000000 0.909074 0.000000 -0.416635 0.000000 0.000000 0.000000
6839.638184 0.000000 1484.337158 0.000000 0.713074 0.000000 -0.701088 0.000000 0.000000 0.000000
6896.205566 0.000000 1525.052490 0.000000 0.943581 0.000000 -0.331143 0.000000 0.000000 0.000000
7105.451172 0.000000 1480.769409 0.000000 0.061444 0.000000 -0.998111 0.000000 0.000000 0.000000
6719.958008 0.000000 1602.461548 0.000000 0.542141 0.000000 -0.840287 0.000000 0.000000 0.000000
6804.968750 0.000000 1633.687622 0.000000 0.792132 0.000000 -0.610349 0.000000 0.000000 0.000000
6896.205566 0.000000 1750.989990 0.000000 0.870445 0.000000 -0.492266 0.000000 0.000000 0.000000
6914.396484 0.000000 1696.393433 0.000000 0.638883 0.000000 -0.769304 0.000000 0.000000 0.000000
6933.705078 0.000000 1777.883301 0.000000 0.942454 0.000000 -0.334335 0.000000 0.000000 0.000000
6930.127930 0.000000 1764.291626 0.000000 0.041333 0.000000 -0.999145 0.000000 0.000000 0.000000
7269.982422 0.000000 1349.402466 0.000000 0.379385 0.000000 -0.925239 0.000000 0.000000 0.000000
7357.658691 0.000000 1334.456421 0.000000 0.842891 0.000000 -0.538084 1.000000 1.000000 1.000000
7290.807129 0.000000 1362.279541 0.000000 0.955598 0.000000 -0.294673 0.000000 0.000000 0.000000
7286.816895 0.000000 1356.875732 0.000000 0.790324 0.000000 -0.612690 0.000000 0.000000 0.000000
7273.385742 0.000000 1388.543091 0.000000 0.929582 0.000000 -0.368614 0.000000 0.000000 0.000000
7238.215332 0.000000 1404.562622 0.000000 0.129708 0.000000 -0.991552 0.000000 0.000000 0.000000
7288.065918 0.000000 1437.471924 0.000000 0.703545 0.000000 -0.710651 0.000000 0.000000 0.000000
7267.765137 0.000000 1437.956665 0.000000 0.667708 0.000000 -0.744423 1.000000 1.000000 1.000000
7316.968750 0.000000 1407.750122 0.000000 0.809745 0.000000 -0.586782 0.000000 0.000000 0.000000
7316.569336 0.000000 1361.011475 0.000000 0.835624 0.000000 -0.549302 0.000000 0.000000 0.000000
7327.826172 0.000000 1363.747437 0.000000 0.582770 0.000000 -0.812637 0.000000 0.000000 0.000000
7296.098633 0.000000 1362.573975 0.000000 0.975926 0.000000 -0.218100 1.000000 1.000000 1.000000
7405.516602 0.000000 1370.358276 0.000000 0.994105 0.000000 -0.108422 0.000000 0.000000 0.000000
7401.260742 0.000000 1399.847168 0.000000 0.197623 0.000000 -0.980278 1.000000 1.000000 1.000000
7304.407715 0.000000 1419.921753 0.000000 0.203958 0.000000 -0.978980 0.000000 0.000000 0.000000
6053.982422 0.000000 2140.183594 0.000000 0.180751 0.000000 -0.983529 0.000000 0.000000 0.000000
5920.032227 0.000000 2183.344238 0.000000 0.908911 0.000000 -0.416991 0.000000 0.000000 0.000000
5963.959473 0.000000 2194.897217 0.000000 0.999962 0.000000 -0.008705 0.000000 0.000000 0.000000
5977.621582 0.000000 2194.281006 0.000000 0.553707 0.000000 -0.832712 0.000000 0.000000 0.000000
6025.400879 0.000000 2219.009766 0.000000 0.999993 0.000000 -0.003749 0.000000 0.000000 0.000000
5818.544434 0.000000 2356.282471 0.000000 0.860617 0.000000 -0.509254 0.000000 0.000000 0.000000
5913.621582 0.000000 2476.702881 0.000000 0.045791 0.000000 -0.998951 0.000000 0.000000 0.000000
6079.586426 0.000000 2482.262695 0.000000 0.711624 0.000000 -0.702560 1.000000 1.000000 1.000000
5983.826172 0.000000 2493.434814 0.000000 0.076026 0.000000 -0.997106 0.000000 0.000000 0.000000
6399.958008 0.000000 1828.399048 0.000000 0.826347 0.000000 -0.563162 0.000000 0.000000 0.000000
6377.260742 0.000000 1851.722168 0.000000 0.917569 0.000000 -0.397576 1.000000 1.000000 1.000000
6371.765137 0.000000 1833.347290 0.000000 0.662027 0.000000 -0.749480 1.000000 1.000000 1.000000
6333.658691 0.000000 1899.300171 0.000000 0.555306 0.000000 -0.831646 1.000000 1.000000 1.000000
6381.516602 0.000000 1878.717651 0.000000 0.006129 0.000000 -0.999981 0.000000 0.000000 0.000000
6337.451172 0.000000 1876.160034 0.000000 0.875993 0.000000 -0.482324 0.000000 0.000000 0.000000
6376.832520 0.000000 1867.485474 0.000000 0.898928 0.000000 -0.438097 0.000000 0.000000 0.000000
6345.203613 0.000000 1899.685181 0.000000 0.549568 0.000000 -0.835449 0.000000 0.000000 0.000000
6367.826172 0.000000 1872.106812 0.000000 0.188397 0.000000 -0.982093 1.000000 1.000000 1.000000
6397.248047 0.000000 1909.986450 0.000000 0.706788 0.000000 -0.707426 1.000000 1.000000 1.000000
6399.586426 0.000000 1917.418945 0.000000 0.579278 0.000000 -0.815130 1.000000 1.000000 1.000000
6397.658691 0.000000 1899.300171 0.000000 0.876288 0.000000 -0.481787 1.000000 1.000000 1.000000
6236.793945 0.000000 1979.794922 0.000000 0.459478 0.000000 -0.888189 0.000000 0.000000 0.000000
6240.032227 0.000000 2013.890991 0.000000 0.868339 0.000000 -0.495971 0.000000 0.000000 0.000000
6249.385742 0.000000 2009.871216 0.000000 0.156429 0.000000 -0.987689 1.000000 1.000000 1.000000
6260.365234 0.000000 2016.219360 0.000000 0.849051 0.000000 -0.528311 0.000000 0.000000 0.000000
6269.292480 0.000000 1989.512085 0.000000 0.428527 0.000000 -0.903529 1.000000 1.000000 1.000000
6273.017578 0.000000 1947.161865 0.000000 0.305255 0.000000 -0.952271 1.000000 1.000000 1.000000
6344.407715 0.000000 1928.281128 0.000000 0.394920 0.000000 -0.918715 0.000000 0.000000 0.000000
6380.062988 0.000000 1929.457886 0.000000 0.021978 0.000000 -0.999758 1.000000 1.000000 1.000000
6350.953125 0.000000 1974.440430 0.000000 0.919128 0.000000 -0.393960 1.000000 1.000000 1.000000
6356.089355 0.000000 2021.770020 0.000000 0.895316 0.000000 -0.445431 0.000000 0.000000 0.000000
6456.065918 0.000000 1832.862549 0.000000 0.618514 0.000000 -0.785774 0.000000 0.000000 0.000000
6432.032227 0.000000 1844.437866 0.000000 0.890254 0.000000 -0.455463 1.000000 1.000000 1.000000
6450.584961 0.000000 1835.394287 0.000000 0.384622 0.000000 -0.923074 1.000000 1.000000 1.000000
6463.586426 0.000000 1860.934570 0.000000 0.932833 0.000000 -0.360309 1.000000 1.000000 1.000000
6461.658691 0.000000 1842.815796 0.000000 0.588847 0.000000 -0.808245 1.000000 1.000000 1.000000
6412.978516 0.000000 1864.720337 0.000000 0.277950 0.000000 -0.960595 0.000000 0.000000 0.000000
6407.671387 0.000000 1888.840942 0.000000 0.999998 0.000000 -0.001887 0.000000 0.000000 0.000000
6418.127930 0.000000 1877.260376 0.000000 0.494439 0.000000 -0.869212 0.000000 0.000000 0.000000
6432.032227 0.000000 1900.922241 0.000000 0.096507 0.000000 -0.995332 1.000000 1.000000 1.000000
6441.385742 0.000000 1896.902466 0.000000 0.138242 0.000000 -0.990399 1.000000 1.000000 1.000000
6452.365234 0.000000 1903.250610 0.000000 0.979619 0.000000 -0.200864 1.000000 1.000000 1.000000
6414.873047 0.000000 1872.031494 0.000000 0.925874 0.000000 -0.377831 1.000000 1.000000 1.000000
6431.826172 0.000000 1872.106812 0.000000 0.903499 0.000000 -0.428590 1.000000 1.000000 1.000000
6461.248047 0.000000 1909.986450 0.000000 0.431641 0.000000 -0.902046 1.000000 1.000000 1.000000
6444.062988 0.000000 1872.973511 0.000000 0.919353 0.000000 -0.393433 1.000000 1.000000 1.000000
6450.789551 0.000000 1876.071655 0.000000 0.458679 0.000000 -0.888602 0.000000 0.000000 0.000000
6400.098633 0.000000 1870.933350 0.000000 0.975930 0.000000 -0.218086 0.000000 0.000000 0.000000
6454.816895 0.000000 1921.719482 0.000000 0.910559 0.000000 -0.413380 1.000000 1.000000 1.000000
6432.032227 0.000000 2013.890991 0.000000 0.965818 0.000000 -0.259220 1.000000 1.000000 1.000000
6441.385742 0.000000 2009.871216 0.000000 0.900206 0.000000 -0.435464 0.000000 0.000000 0.000000
6473.400879 0.000000 1993.072266 0.000000 0.492907 0.000000 -0.870082 0.000000 0.000000 0.000000
6472.407715 0.000000 1984.765503 0.000000 0.963323 0.000000 -0.268346 0.000000 0.000000 0.000000
6505.260742 0.000000 2021.175293 0.000000 0.991111 0.000000 -0.133040 1.000000 1.000000 1.000000
6505.385742 0.000000 2009.871216 0.000000 0.824736 0.000000 -0.565518 0.000000 0.000000 0.000000
6532.458496 0.000000 2031.419067 0.000000 0.972004 0.000000 -0.234964 0.000000 0.000000 0.000000
6322.789551 0.000000 2045.524780 0.000000 0.617167 0.000000 -0.786832 0.000000 0.000000 0.000000
6286.953125 0.000000 2087.409180 0.000000 0.779672 0.000000 -0.626188 1.000000 1.000000 1.000000
6273.017578 0.000000 2060.130615 0.000000 0.480060 0.000000 -0.877236 1.000000 1.000000 1.000000
6320.205566 0.000000 2146.380615 0.000000 0.740415 0.000000 -0.672150 0.000000 0.000000 0.000000
6364.793945 0.000000 2092.763672 0.000000 0.310196 0.000000 -0.950673 0.000000 0.000000 0.000000
6369.210449 0.000000 2134.795166 0.000000 0.331506 0.000000 -0.943453 0.000000 0.000000 0.000000
6164.968750 0.000000 2198.531250 0.000000 0.870297 0.000000 -0.492528 0.000000 0.000000 0.000000
6202.807129 0.000000 2153.060791 0.000000 0.996620 0.000000 -0.082147 0.000000 0.000000 0.000000
6164.569336 0.000000 2208.277100 0.000000 0.587050 0.000000 -0.809550 0.000000 0.000000 0.000000
6273.451172 0.000000 2158.581787 0.000000 0.135777 0.000000 -0.990739 0.000000 0.000000 0.000000
6298.979980 0.000000 2188.239014 0.000000 0.808424 0.000000 -0.588600 0.000000 0.000000 0.000000
6274.396484 0.000000 2148.268311 0.000000 0.975561 0.000000 -0.219728 0.000000 0.000000 0.000000
6272.098633 0.000000 2153.355225 0.000000 0.011842 0.000000 -0.999930 0.000000 0.000000 0.000000
6286.873047 0.000000 2210.937744 0.000000 0.979656 0.000000 -0.200682 0.000000 0.000000 0.000000
6465.451172 0.000000 2045.613159 0.000000 0.196766 0.000000 -0.980451 0.000000 0.000000 0.000000
6482.127930 0.000000 2046.713501 0.000000 0.586498 0.000000 -0.809951 0.000000 0.000000 0.000000
6402.396484 0.000000 2091.783936 0.000000 0.647056 0.000000 -0.762443 0.000000 0.000000 0.000000
6420.569336 0.000000 2095.308350 0.000000 0.604264 0.000000 -0.796784 0.000000 0.000000 0.000000
6630.230957 0.000000 2071.966553 0.000000 0.817532 0.000000 -0.575883 0.000000 0.000000 0.000000
6604.978516 0.000000 2034.173462 0.000000 0.999953 0.000000 -0.009660 0.000000 0.000000 0.000000
6529.451172 0.000000 2102.097412 0.000000 0.499179 0.000000 -0.866499 0.000000 0.000000 0.000000
6463.487305 0.000000 2176.634033 0.000000 0.346178 0.000000 -0.938169 0.000000 0.000000 0.000000
6479.272949 0.000000 2168.324707 0.000000 0.521520 0.000000 -0.853239 0.000000 0.000000 0.000000
6496.032227 0.000000 2183.344238 0.000000 0.043048 0.000000 -0.999073 1.000000 1.000000 1.000000
6450.584961 0.000000 2230.784912 0.000000 0.929253 0.000000 -0.369443 0.000000 0.000000 0.000000
6522.368164 0.000000 2254.816650 0.000000 0.296048 0.000000 -0.955173 0.000000 0.000000 0.000000
6478.873047 0.000000 2210.937744 0.000000 0.161546 0.000000 -0.986865 1.000000 1.000000 1.000000
6487.491699 0.000000 2203.522217 0.000000 0.867754 0.000000 -0.496994 1.000000 1.000000 1.000000
6630.230957 0.000000 2184.935303 0.000000 0.883886 0.000000 -0.467703 0.000000 0.000000 0.000000
6569.260742 0.000000 2247.112793 0.000000 0.783219 0.000000 -0.621746 1.000000 1.000000 1.000000
6572.062988 0.000000 2211.879639 0.000000 0.923787 0.000000 -0.382907 0.000000 0.000000 0.000000
6644.365234 0.000000 2242.156982 0.000000 0.223137 0.000000 -0.974787 1.000000 1.000000 1.000000
6829.516602 0.000000 1878.717651 0.000000 0.514139 0.000000 -0.857707 0.000000 0.000000 0.000000
6842.544434 0.000000 1904.407471 0.000000 0.611053 0.000000 -0.791590 0.000000 0.000000 0.000000
6868.968750 0.000000 1916.109497 0.000000 0.017908 0.000000 -0.999840 0.000000 0.000000 0.000000
6714.544434 0.000000 2073.860596 0.000000 0.182343 0.000000 -0.983235 0.000000 0.000000 0.000000
6705.519043 0.000000 2096.251465 0.000000 0.389316 0.000000 -0.921104 0.000000 0.000000 0.000000
6684.793945 0.000000 2149.248047 0.000000 0.738867 0.000000 -0.673852 0.000000 0.000000 0.000000
6663.671387 0.000000 2171.262695 0.000000 0.834029 0.000000 -0.551721 0.000000 0.000000 0.000000
6694.893555 0.000000 2165.853516 0.000000 0.695253 0.000000 -0.718765 0.000000 0.000000 0.000000
6832.205566 0.000000 2202.864990 0.000000 0.586212 0.000000 -0.810158 0.000000 0.000000 0.000000
6788.032715 0.000000 2178.017822 0.000000 0.033963 0.000000 -0.999423 0.000000 0.000000 0.000000
6828.662598 0.000000 2196.986328 0.000000 0.541302 0.000000 -0.840828 0.000000 0.000000 0.000000
6839.107910 0.000000 2191.607666 0.000000 0.923875 0.000000 -0.382694 0.000000 0.000000 0.000000
6215.979980 0.000000 2414.479004 0.000000 0.930389 0.000000 -0.366575 0.000000 0.000000 0.000000
6184.832520 0.000000 2432.329346 0.000000 0.986084 0.000000 -0.166246 0.000000 0.000000 0.000000
6167.491699 0.000000 2429.459717 0.000000 0.566215 0.000000 -0.824257 1.000000 1.000000 1.000000
6428.793945 0.000000 2262.216797 0.000000 0.110168 0.000000 -0.993913 0.000000 0.000000 0.000000
6461.292480 0.000000 2271.934082 0.000000 0.986998 0.000000 -0.160730 1.000000 1.000000 1.000000
6470.215332 0.000000 2364.797119 0.000000 0.372430 0.000000 -0.928060 1.000000 1.000000 1.000000
6478.953125 0.000000 2369.831055 0.000000 0.203588 0.000000 -0.979057 0.000000 0.000000 0.000000
6580.365234 0.000000 2298.641357 0.000000 0.902708 0.000000 -0.430254 1.000000 1.000000 1.000000
6583.107910 0.000000 2304.576416 0.000000 0.567333 0.000000 -0.823488 1.000000 1.000000 1.000000
6593.318848 0.000000 2298.263428 0.000000 0.645148 0.000000 -0.764057 0.000000 0.000000 0.000000
6550.478027 0.000000 2350.752686 0.000000 0.940839 0.000000 -0.338855 0.000000 0.000000 0.000000
6584.550781 0.000000 2348.718506 0.000000 0.985193 0.000000 -0.171446 0.000000 0.000000 0.000000
6519.107910 0.000000 2417.545166 0.000000 0.380306 0.000000 -0.924861 0.000000 0.000000 0.000000
6527.586426 0.000000 2425.778320 0.000000 0.984506 0.000000 -0.175353 1.000000 1.000000 1.000000
6572.062988 0.000000 2381.332764 0.000000 0.588026 0.000000 -0.808842 1.000000 1.000000 1.000000
6592.098633 0.000000 2379.292725 0.000000 0.525684 0.000000 -0.850680 1.000000 1.000000 1.000000
6572.062988 0.000000 2437.817139 0.000000 0.597281 0.000000 -0.802032 0.000000 0.000000 0.000000
6529.451172 0.000000 2497.488037 0.000000 0.681404 0.000000 -0.731907 0.000000 0.000000 0.000000
6593.318848 0.000000 2637.169678 0.000000 0.342220 0.000000 -0.939620 0.000000 0.000000 0.000000
6569.385742 0.000000 2687.683838 0.000000 0.062244 0.000000 -0.998061 1.000000 1.000000 1.000000
6693.432617 0.000000 2326.886475 0.000000 0.920734 0.000000 -0.390191 0.000000 0.000000 0.000000
6687.826172 0.000000 2323.981689 0.000000 0.464022 0.000000 -0.885824 1.000000 1.000000 1.000000
6711.107910 0.000000 2361.060791 0.000000 0.038243 0.000000 -0.999268 0.000000 0.000000 0.000000
6758.230957 0.000000 2354.388428 0.000000 0.902962 0.000000 -0.429721 0.000000 0.000000 0.000000
6727.671387 0.000000 2340.715820 0.000000 0.651218 0.000000 -0.758891 0.000000 0.000000 0.000000
6761.385742 0.000000 2348.777588 0.000000 0.596989 0.000000 -0.802249 1.000000 1.000000 1.000000
6770.789551 0.000000 2327.946777 0.000000 0.918870 0.000000 -0.394561 1.000000 1.000000 1.000000
6697.260742 0.000000 2416.565918 0.000000 0.250405 0.000000 -0.968141 0.000000 0.000000 0.000000
6708.365234 0.000000 2411.610107 0.000000 0.988464 0.000000 -0.151454 1.000000 1.000000 1.000000
6687.826172 0.000000 2380.466064 0.000000 0.985678 0.000000 -0.168637 1.000000 1.000000 1.000000
6727.671387 0.000000 2397.200195 0.000000 0.998931 0.000000 -0.046233 0.000000 0.000000 0.000000
6751.453613 0.000000 2389.073975 0.000000 0.661357 0.000000 -0.750072 0.000000 0.000000 0.000000
6727.979980 0.000000 2414.479004 0.000000 0.974520 0.000000 -0.224302 0.000000 0.000000 0.000000
6996.968750 0.000000 2367.984375 0.000000 0.975873 0.000000 -0.218341 0.000000 0.000000 0.000000
7025.272949 0.000000 2349.484375 0.000000 0.087210 0.000000 -0.996190 0.000000 0.000000 0.000000
7081.563477 0.000000 2285.865967 0.000000 0.650464 0.000000 -0.759537 0.000000 0.000000 0.000000
7095.107910 0.000000 2304.576416 0.000000 0.989350 0.000000 -0.145553 1.000000 1.000000 1.000000
7149.516602 0.000000 2330.592773 0.000000 0.488777 0.000000 -0.872409 0.000000 0.000000 0.000000
6714.807129 0.000000 2491.967041 0.000000 0.154279 0.000000 -0.988027 0.000000 0.000000 0.000000
6697.385742 0.000000 2518.230713 0.000000 0.810134 0.000000 -0.586244 0.000000 0.000000 0.000000
6697.563477 0.000000 2568.287842 0.000000 0.103159 0.000000 -0.994665 0.000000 0.000000 0.000000
6687.826172 0.000000 2549.919189 0.000000 0.991791 0.000000 -0.127869 1.000000 1.000000 1.000000
6804.569336 0.000000 2490.698975 0.000000 0.117976 0.000000 -0.993016 0.000000 0.000000 0.000000
6816.032227 0.000000 2522.250488 0.000000 0.438065 0.000000 -0.898943 1.000000 1.000000 1.000000
6836.365234 0.000000 2524.578857 0.000000 0.999762 0.000000 -0.021833 0.000000 0.000000 0.000000
6815.826172 0.000000 2493.434814 0.000000 0.949108 0.000000 -0.314950 0.000000 0.000000 0.000000
6839.107910 0.000000 2530.513916 0.000000 0.108536 0.000000 -0.994092 1.000000 1.000000 1.000000
6810.074219 0.000000 2515.828857 0.000000 0.736952 0.000000 -0.675946 1.000000 1.000000 1.000000
6834.789551 0.000000 2553.884277 0.000000 0.709676 0.000000 -0.704528 1.000000 1.000000 1.000000
6879.453613 0.000000 2558.527100 0.000000 0.544239 0.000000 -0.838930 0.000000 0.000000 0.000000
6874.122559 0.000000 2552.605225 0.000000 0.926569 0.000000 -0.376125 0.000000 0.000000 0.000000
6892.062988 0.000000 2550.785889 0.000000 0.828761 0.000000 -0.559602 0.000000 0.000000 0.000000
6856.407715 0.000000 2606.093506 0.000000 0.691978 0.000000 -0.721918 0.000000 0.000000 0.000000
6904.550781 0.000000 2631.140381 0.000000 0.084119 0.000000 -0.996456 0.000000 0.000000 0.000000
6902.816895 0.000000 2599.531982 0.000000 0.874178 0.000000 -0.485605 1.000000 1.000000 1.000000
6900.365234 0.000000 2637.547607 0.000000 0.775128 0.000000 -0.631805 1.000000 1.000000 1.000000
6909.248047 0.000000 2644.283203 0.000000 0.788921 0.000000 -0.614495 0.000000 0.000000 0.000000
6892.062988 0.000000 2607.270264 0.000000 0.796591 0.000000 -0.604519 1.000000 1.000000 1.000000
6898.789551 0.000000 2610.368652 0.000000 0.158855 0.000000 -0.987302 1.000000 1.000000 1.000000
6849.017578 0.000000 2624.974365 0.000000 0.845162 0.000000 -0.534510 1.000000 1.000000 1.000000
6893.943359 0.000000 2600.636230 0.000000 0.105566 0.000000 -0.994412 1.000000 1.000000 1.000000
6869.705078 0.000000 2681.633301 0.000000 0.043168 0.000000 -0.999068 0.000000 0.000000 0.000000
6876.793945 0.000000 2657.607422 0.000000 0.829825 0.000000 -0.558024 0.000000 0.000000 0.000000
6862.873047 0.000000 2662.812744 0.000000 0.321357 0.000000 -0.946958 0.000000 0.000000 0.000000
6950.893555 0.000000 2504.759766 0.000000 0.484229 0.000000 -0.874941 0.000000 0.000000 0.000000
6978.500488 0.000000 2505.056641 0.000000 0.204474 0.000000 -0.978872 0.000000 0.000000 0.000000
6970.544434 0.000000 2582.219971 0.000000 0.862894 0.000000 -0.505385 0.000000 0.000000 0.000000
6953.260742 0.000000 2586.019043 0.000000 0.898256 0.000000 -0.439472 1.000000 1.000000 1.000000
6973.248047 0.000000 2587.798828 0.000000 0.871405 0.000000 -0.490564 1.000000 1.000000 1.000000
6935.491699 0.000000 2542.428467 0.000000 0.693954 0.000000 -0.720019 1.000000 1.000000 1.000000
6977.318848 0.000000 2580.685303 0.000000 0.609830 0.000000 -0.792532 0.000000 0.000000 0.000000
7008.032227 0.000000 2578.734863 0.000000 0.567582 0.000000 -0.823317 1.000000 1.000000 1.000000
7124.968750 0.000000 2593.921875 0.000000 0.250016 0.000000 -0.968242 0.000000 0.000000 0.000000
6944.032227 0.000000 2635.219238 0.000000 0.776908 0.000000 -0.629614 0.000000 0.000000 0.000000
6956.062988 0.000000 2607.270264 0.000000 0.736375 0.000000 -0.676574 1.000000 1.000000 1.000000
7032.065918 0.000000 2623.643799 0.000000 0.867906 0.000000 -0.496728 0.000000 0.000000 0.000000
7020.062988 0.000000 2607.270264 0.000000 0.938234 0.000000 -0.346002 0.000000 0.000000 0.000000
6940.793945 0.000000 2657.607422 0.000000 0.839564 0.000000 -0.543261 0.000000 0.000000 0.000000
6926.007324 0.000000 2685.655762 0.000000 0.139737 0.000000 -0.990189 0.000000 0.000000 0.000000
7065.621582 0.000000 2702.640381 0.000000 0.821255 0.000000 -0.570561 0.000000 0.000000 0.000000
7101.292480 0.000000 2667.324707 0.000000 0.795883 0.000000 -0.605451 1.000000 1.000000 1.000000
7189.705078 0.000000 2342.727051 0.000000 0.223575 0.000000 -0.974687 0.000000 0.000000 0.000000
7344.205566 0.000000 2541.771240 0.000000 0.761985 0.000000 -0.647594 0.000000 0.000000 0.000000
7177.400879 0.000000 2614.400391 0.000000 0.687322 0.000000 -0.726353 0.000000 0.000000 0.000000
7183.272949 0.000000 2620.199707 0.000000 0.498628 0.000000 -0.866816 0.000000 0.000000 0.000000
7169.318848 0.000000 2693.654053 0.000000 0.282377 0.000000 -0.959303 0.000000 0.000000 0.000000
7196.793945 0.000000 2657.607422 0.000000 0.369125 0.000000 -0.929380 0.000000 0.000000 0.000000
7209.563477 0.000000 2681.256592 0.000000 0.126171 0.000000 -0.992009 0.000000 0.000000 0.000000
7354.807129 0.000000 2661.420166 0.000000 0.684925 0.000000 -0.728613 0.000000 0.000000 0.000000
6431.826172 0.000000 2719.372314 0.000000 0.951593 0.000000 -0.307362 0.000000 0.000000 0.000000
6490.122559 0.000000 2722.058350 0.000000 0.834800 0.000000 -0.550554 0.000000 0.000000 0.000000
6418.127930 0.000000 2781.010498 0.000000 0.672605 0.000000 -0.740002 0.000000 0.000000 0.000000
6612.089355 0.000000 2756.066895 0.000000 0.493957 0.000000 -0.869486 0.000000 0.000000 0.000000
6589.248047 0.000000 2813.736328 0.000000 0.009140 0.000000 -0.999958 1.000000 1.000000 1.000000
6653.248047 0.000000 2813.736328 0.000000 0.997270 0.000000 -0.073846 1.000000 1.000000 1.000000
6622.236816 0.000000 2876.748535 0.000000 0.977268 0.000000 -0.212009 0.000000 0.000000 0.000000
6617.621582 0.000000 2872.093506 0.000000 0.963471 0.000000 -0.267814 0.000000 0.000000 0.000000
6640.205566 0.000000 2937.161865 0.000000 0.999971 0.000000 -0.007669 0.000000 0.000000 0.000000
6629.432617 0.000000 2891.730225 0.000000 0.899702 0.000000 -0.436505 0.000000 0.000000 0.000000
6647.638184 0.000000 2952.930908 0.000000 0.257108 0.000000 -0.966383 0.000000 0.000000 0.000000
6646.816895 0.000000 2938.438232 0.000000 0.922563 0.000000 -0.385847 0.000000 0.000000 0.000000
6637.943359 0.000000 2939.542480 0.000000 0.634546 0.000000 -0.772885 1.000000 1.000000 1.000000
6674.127930 0.000000 2724.526123 0.000000 0.984924 0.000000 -0.172990 0.000000 0.000000 0.000000
6696.832520 0.000000 2714.751221 0.000000 0.470495 0.000000 -0.882403 0.000000 0.000000 0.000000
6781.292480 0.000000 2723.809082 0.000000 0.582006 0.000000 -0.813184 0.000000 0.000000 0.000000
6781.248047 0.000000 2813.736328 0.000000 0.998980 0.000000 -0.045158 1.000000 1.000000 1.000000
6804.569336 0.000000 2716.636475 0.000000 0.461678 0.000000 -0.887047 0.000000 0.000000 0.000000
6835.456055 0.000000 2761.538330 0.000000 0.414747 0.000000 -0.909937 0.000000 0.000000 0.000000
6849.318848 0.000000 2806.622803 0.000000 0.903215 0.000000 -0.429189 0.000000 0.000000 0.000000
6862.007324 0.000000 2798.624512 0.000000 0.917105 0.000000 -0.398646 0.000000 0.000000 0.000000
6770.789551 0.000000 2836.306152 0.000000 0.149009 0.000000 -0.988836 0.000000 0.000000 0.000000
6700.062988 0.000000 2889.692139 0.000000 0.655094 0.000000 -0.755547 1.000000 1.000000 1.000000
6740.968750 0.000000 2932.828125 0.000000 0.880073 0.000000 -0.474839 0.000000 0.000000 0.000000
6783.586426 0.000000 2934.137695 0.000000 0.532006 0.000000 -0.846740 1.000000 1.000000 1.000000
6791.671387 0.000000 2849.075195 0.000000 0.583137 0.000000 -0.812374 0.000000 0.000000 0.000000
6825.260742 0.000000 2868.440918 0.000000 0.672016 0.000000 -0.740537 0.000000 0.000000 0.000000
6825.385742 0.000000 2857.136963 0.000000 0.926674 0.000000 -0.375866 0.000000 0.000000 0.000000
6839.107910 0.000000 2869.420166 0.000000 0.433827 0.000000 -0.900996 1.000000 1.000000 1.000000
6829.943359 0.000000 2826.573730 0.000000 0.883414 0.000000 -0.468593 1.000000 1.000000 1.000000
6874.979980 0.000000 2866.051514 0.000000 0.317844 0.000000 -0.948143 0.000000 0.000000 0.000000
6903.107910 0.000000 2869.420166 0.000000 0.091144 0.000000 -0.995838 1.000000 1.000000 1.000000
6854.215332 0.000000 2873.156494 0.000000 0.892189 0.000000 -0.451663 1.000000 1.000000 1.000000
6807.890625 0.000000 2899.760742 0.000000 0.542861 0.000000 -0.839823 0.000000 0.000000 0.000000
6862.953125 0.000000 2934.674805 0.000000 0.892087 0.000000 -0.451863 1.000000 1.000000 1.000000
6911.586426 0.000000 2934.137695 0.000000 0.926949 0.000000 -0.375188 1.000000 1.000000 1.000000
6893.943359 0.000000 2883.058105 0.000000 0.998983 0.000000 -0.045082 1.000000 1.000000 1.000000
7034.807129 0.000000 2717.904541 0.000000 0.413239 0.000000 -0.910622 0.000000 0.000000 0.000000
6984.407715 0.000000 2719.062256 0.000000 0.252770 0.000000 -0.967526 0.000000 0.000000 0.000000
6953.260742 0.000000 2811.956543 0.000000 0.982597 0.000000 -0.185749 1.000000 1.000000 1.000000
6967.107910 0.000000 2812.935791 0.000000 0.483732 0.000000 -0.875216 1.000000 1.000000 1.000000
6973.658691 0.000000 2803.050049 0.000000 0.788799 0.000000 -0.614652 1.000000 1.000000 1.000000
7037.248047 0.000000 2813.736328 0.000000 0.738942 0.000000 -0.673769 0.000000 0.000000 0.000000
7063.890625 0.000000 2730.307617 0.000000 0.457891 0.000000 -0.889008 0.000000 0.000000 0.000000
7124.968750 0.000000 2763.375000 0.000000 0.993894 0.000000 -0.110339 0.000000 0.000000 0.000000
7055.272949 0.000000 2789.652832 0.000000 0.140738 0.000000 -0.990047 0.000000 0.000000 0.000000
7162.544434 0.000000 2808.157471 0.000000 0.523919 0.000000 -0.851768 0.000000 0.000000 0.000000
7159.638184 0.000000 2783.477783 0.000000 0.930738 0.000000 -0.365686 0.000000 0.000000 0.000000
7141.432617 0.000000 2778.761475 0.000000 0.996444 0.000000 -0.084261 0.000000 0.000000 0.000000
7130.122559 0.000000 2778.542725 0.000000 0.882961 0.000000 -0.469446 0.000000 0.000000 0.000000
6926.873047 0.000000 2832.265869 0.000000 0.560121 0.000000 -0.828411 1.000000 1.000000 1.000000
6973.248047 0.000000 2870.220703 0.000000 0.931811 0.000000 -0.362944 1.000000 1.000000 1.000000
7021.516602 0.000000 2838.952148 0.000000 0.877385 0.000000 -0.479786 0.000000 0.000000 0.000000
6990.007324 0.000000 2855.108887 0.000000 0.981542 0.000000 -0.191244 0.000000 0.000000 0.000000
6996.569336 0.000000 2829.605225 0.000000 0.988582 0.000000 -0.150681 0.000000 0.000000 0.000000
6984.407715 0.000000 2832.031006 0.000000 0.263716 0.000000 -0.964600 0.000000 0.000000 0.000000
7008.032227 0.000000 2861.156738 0.000000 0.823758 0.000000 -0.566941 0.000000 0.000000 0.000000
6990.873047 0.000000 2832.265869 0.000000 0.992777 0.000000 -0.119976 0.000000 0.000000 0.000000
6956.062988 0.000000 2889.692139 0.000000 0.436939 0.000000 -0.899491 1.000000 1.000000 1.000000
7041.318848 0.000000 2863.107178 0.000000 0.957955 0.000000 -0.286920 0.000000 0.000000 0.000000
7105.451172 0.000000 2836.394287 0.000000 0.448884 0.000000 -0.893590 0.000000 0.000000 0.000000
7104.098633 0.000000 2831.167725 0.000000 0.996773 0.000000 -0.080276 1.000000 1.000000 1.000000
7041.451172 0.000000 2892.878662 0.000000 0.640758 0.000000 -0.767743 0.000000 0.000000 0.000000
7040.098633 0.000000 2887.652100 0.000000 0.986157 0.000000 -0.165812 1.000000 1.000000 1.000000
6701.516602 0.000000 2951.920898 0.000000 0.195070 0.000000 -0.980789 0.000000 0.000000 0.000000
6657.451172 0.000000 2949.363037 0.000000 0.865190 0.000000 -0.501444 0.000000 0.000000 0.000000
6748.793945 0.000000 2940.029297 0.000000 0.992587 0.000000 -0.121540 0.000000 0.000000 0.000000
6751.826172 0.000000 2945.309814 0.000000 0.225017 0.000000 -0.974355 1.000000 1.000000 1.000000
6743.491699 0.000000 2937.819092 0.000000 0.826574 0.000000 -0.562828 0.000000 0.000000 0.000000
6684.793945 0.000000 2996.513672 0.000000 0.903975 0.000000 -0.427584 0.000000 0.000000 0.000000
6785.017578 0.000000 2963.880615 0.000000 0.373233 0.000000 -0.927738 1.000000 1.000000 1.000000
6909.292480 0.000000 2949.746582 0.000000 0.687452 0.000000 -0.726230 1.000000 1.000000 1.000000
6977.451172 0.000000 2949.363037 0.000000 0.772492 0.000000 -0.635024 0.000000 0.000000 0.000000
7004.793945 0.000000 2940.029297 0.000000 0.651412 0.000000 -0.758725 0.000000 0.000000 0.000000
7205.432617 0.000000 2722.277100 0.000000 0.744748 0.000000 -0.667345 0.000000 0.000000 0.000000
7213.516602 0.000000 2782.467773 0.000000 0.855560 0.000000 -0.517703 0.000000 0.000000 0.000000
7206.230957 0.000000 2806.263428 0.000000 0.973942 0.000000 -0.226796 0.000000 0.000000 0.000000
7216.205566 0.000000 2824.193115 0.000000 0.606344 0.000000 -0.795203 0.000000 0.000000 0.000000
7276.062988 0.000000 2776.723389 0.000000 0.819427 0.000000 -0.573184 1.000000 1.000000 1.000000
7213.516602 0.000000 2838.952148 0.000000 0.999993 0.000000 -0.003742 0.000000 0.000000 0.000000
"}
